%randomly generated instance
%vessels
3
100	25000	0.23
200	30000	0.28
300	35000	0.33
%ports
60
1	ContinentalPort	CP	0	0
2	Port2	RP	9	49
3	Port3	RP	32	40
4	Port4	RP	29	35
5	Port5	RP	6	1
6	Port6	RP	6	59
7	Port7	RP	15	12
8	Port8	RP	23	6
9	Port9	RP	17	66
10	Port10	RP	61	31
11	Port11	RP	22	40
12	Port12	RP	0	2
13	Port13	RP	9	89
14	Port14	RP	17	62
15	Port15	RP	0	59
16	Port16	RP	1	1
17	Port17	RP	5	5
18	Port18	RP	88	3
19	Port19	RP	4	27
20	Port20	RP	4	21
21	Port21	RP	30	27
22	Port22	RP	8	1
23	Port23	RP	10	10
24	Port24	RP	20	52
25	Port25	RP	55	21
26	Port26	RP	1	3
27	Port27	RP	33	2
28	Port28	RP	15	9
29	Port29	RP	10	40
30	Port30	RP	52	23
31	Port31	RP	70	14
32	Port32	RP	31	5
33	Port33	RP	13	38
34	Port34	RP	75	4
35	Port35	RP	6	72
36	Port36	RP	5	27
37	Port37	RP	1	78
38	Port38	RP	17	14
39	Port39	RP	22	34
40	Port40	RP	19	37
41	Port41	RP	22	23
42	Port42	RP	28	4
43	Port43	RP	3	1
44	Port44	RP	24	8
45	Port45	RP	2	7
46	Port46	RP	2	1
47	Port47	RP	11	29
48	Port48	RP	13	2
49	Port49	RP	27	14
50	Port50	RP	29	25
51	Port51	RP	7	9
52	Port52	RP	1	86
53	Port53	RP	34	3
54	Port54	RP	19	32
55	Port55	RP	15	57
56	Port56	RP	5	16
57	Port57	RP	0	96
58	Port58	RP	21	15
59	Port59	RP	1	6
60	Port60	RP	0	57
%distance table
0.000	354.945	696.778	893.834	1162.651	1234.190	1095.335	769.853	393.379	882.766	1304.627	1523.909	1884.039	2087.322	2155.563	1951.332	1599.131	1548.433	498.915	365.078	744.267	1185.001	1348.358	511.768	828.862	820.776	795.518	985.483	1138.277	834.385	744.665	142.555	426.419	809.095	766.633	751.044	731.655	936.581	1048.900	1045.823	646.644	514.826	579.931	607.727	1570.261	1763.103	1807.303	1778.571	1822.008	1696.804	1683.470	1509.505	1654.937	1663.966	715.683	728.610	786.318	1152.864	494.137	757.342
354.945	0.000	453.488	844.304	1226.606	1386.315	1303.218	1037.247	489.263	947.941	1474.886	1812.177	2218.844	2436.913	2510.323	2300.379	1941.801	1868.373	817.447	686.059	1059.681	1492.509	1662.091	821.970	1073.442	1065.588	1086.720	1280.895	1434.272	1103.248	1007.705	212.526	74.144	535.332	563.466	492.660	431.612	899.204	1006.325	1047.986	681.515	541.246	628.587	672.811	1925.175	2117.983	2161.677	2129.705	2175.809	2051.705	2019.008	1851.053	1999.531	2004.710	1067.946	1083.530	1138.465	1497.248	739.121	1065.608
696.778	453.488	0.000	521.261	977.078	1230.221	1232.694	1090.576	939.989	1399.026	1926.237	2219.178	2566.188	2738.211	2745.024	2484.777	2104.331	1963.349	992.001	889.409	1195.754	1576.377	1750.692	1208.205	1502.821	1494.796	1489.711	1681.189	1834.347	1520.929	1427.754	582.313	444.540	125.077	127.932	59.365	141.375	579.458	664.294	749.441	517.664	444.368	507.725	551.683	2174.417	2374.676	2429.730	2425.447	2451.063	2298.051	2153.784	2011.860	2168.488	2158.119	1311.990	1356.804	1377.732	1826.177	820.324	1186.668
893.834	844.304	521.261	0.000	464.110	758.595	832.205	842.985	1254.735	1749.244	2197.958	2335.608	2557.756	2653.014	2570.185	2258.685	1870.182	1664.611	907.521	868.541	1020.969	1293.655	1458.790	1352.564	1706.602	1698.636	1636.288	1809.130	1952.969	1695.646	1614.321	852.073	873.339	585.192	409.508	545.910	660.201	58.558	162.445	228.321	277.596	381.893	338.685	336.834	2040.592	2241.276	2309.096	2343.170	2339.294	2154.598	1886.804	1780.845	1938.314	1911.136	1246.292	1321.839	1296.911	1823.686	686.574	996.371
1162.651	1226.606	977.078	464.110	0.000	346.472	526.850	743.192	1554.049	2045.297	2414.065	2415.392	2519.089	2541.775	2379.218	2030.036	1651.023	1391.555	958.944	985.779	957.040	1068.440	1207.483	1519.587	1891.166	1883.756	1779.838	1925.368	2052.762	1857.692	1791.514	1171.181	1271.213	1048.752	871.913	1006.858	1117.986	410.239	373.221	246.185	546.211	688.945	604.561	565.811	1909.287	2100.834	2177.690	2245.750	2214.874	2008.601	1634.102	1569.962	1719.501	1677.109	1249.504	1342.745	1279.001	1826.481	764.232	921.382
1234.190	1386.315	1230.221	758.595	346.472	0.000	254.134	602.176	1623.373	2092.941	2384.675	2282.821	2305.372	2284.814	2082.900	1720.223	1351.466	1071.572	893.750	965.596	803.967	786.282	903.177	1485.486	1852.479	1845.791	1714.332	1833.495	1944.372	1802.955	1751.203	1281.291	1443.219	1320.753	1143.174	1269.959	1370.539	714.256	705.130	572.842	730.551	855.002	768.163	721.160	1651.936	1834.372	1914.916	2001.262	1955.388	1740.768	1318.918	1276.496	1418.785	1369.792	1113.692	1212.278	1125.324	1657.377	757.877	765.134
1095.335	1303.218	1232.694	832.205	526.850	254.134	0.000	379.356	1470.947	1919.927	2171.112	2036.369	2051.607	2038.196	1854.732	1503.188	1125.098	867.375	690.830	783.817	564.550	546.307	680.636	1279.394	1639.233	1632.928	1491.441	1600.024	1705.141	1583.475	1538.377	1166.364	1367.563	1338.486	1167.451	1280.510	1366.963	801.752	826.794	699.557	715.039	810.125	731.664	685.116	1404.604	1590.353	1669.709	1751.209	1709.166	1497.117	1107.882	1045.434	1193.424	1150.282	873.443	972.331	879.820	1405.982	601.510	525.813
769.853	1037.247	1090.576	842.985	743.192	602.176	379.356	0.000	1122.223	1552.417	1792.138	1690.511	1778.836	1827.735	1727.264	1423.686	1035.929	872.783	316.090	424.465	214.352	485.804	660.127	900.394	1260.078	1253.732	1114.832	1231.368	1344.143	1205.601	1159.152	866.474	1108.281	1211.129	1062.880	1146.639	1206.897	837.963	908.074	810.169	617.820	647.207	597.938	563.713	1204.751	1403.750	1474.535	1523.303	1507.296	1315.362	1069.496	944.874	1103.060	1082.626	517.468	614.816	539.012	1084.890	298.641	178.192
393.379	489.263	939.989	1254.735	1554.049	1623.373	1470.947	1122.223	0.000	496.087	986.274	1364.277	1838.769	2108.778	2260.686	2117.686	1802.160	1812.081	818.155	697.879	1047.362	1479.552	1628.216	469.877	608.711	601.370	667.609	855.787	1003.820	657.236	562.135	402.756	519.760	1024.400	1042.289	981.499	917.800	1302.619	1414.838	1425.248	1027.290	888.581	961.886	993.794	1679.672	1854.650	1882.560	1816.955	1887.222	1803.996	1907.787	1718.974	1849.000	1872.384	912.597	882.464	977.669	1168.577	871.963	1069.904
882.766	947.941	1399.026	1749.244	2045.297	2092.941	1919.927	1552.417	496.087	0.000	596.081	1189.656	1778.701	2117.975	2366.211	2302.589	2043.545	2121.676	1236.779	1136.205	1435.607	1836.283	1962.950	705.144	528.891	526.966	700.257	818.220	922.231	623.046	570.619	897.448	956.537	1466.079	1511.404	1432.796	1350.723	1797.879	1909.930	1921.266	1523.022	1384.655	1457.368	1488.330	1820.744	1963.491	1970.180	1863.727	1962.401	1934.458	2168.844	1971.729	2077.929	2116.696	1222.333	1158.679	1273.356	1252.156	1335.110	1465.189
1304.627	1474.886	1926.237	2197.958	2414.065	2384.675	2171.112	1792.138	986.274	596.081	0.000	729.298	1374.988	1763.238	2103.058	2137.407	1967.648	2132.277	1491.019	1433.454	1620.662	1936.041	2020.675	900.933	532.376	538.954	689.127	650.676	649.038	591.488	633.592	1368.720	1499.420	2008.921	2026.593	1967.495	1899.424	2239.132	2350.984	2336.418	1941.760	1817.113	1874.821	1895.519	1639.320	1730.944	1712.462	1568.375	1691.049	1729.870	2109.832	1916.358	1983.335	2039.209	1334.690	1243.307	1358.891	1085.338	1654.428	1657.348
1523.909	1812.177	2219.178	2335.608	2415.392	2282.821	2036.369	1690.511	1364.277	1189.656	729.298	0.000	648.338	1046.969	1429.061	1539.542	1470.350	1713.533	1462.732	1470.753	1480.515	1642.017	1666.949	1012.519	757.233	764.223	729.624	538.495	386.742	710.695	806.791	1639.322	1861.453	2326.839	2289.387	2271.757	2237.365	2361.819	2464.825	2411.575	2058.450	1967.866	1997.198	2000.876	1065.761	1099.397	1060.511	895.272	1029.315	1124.203	1617.727	1446.387	1464.961	1533.741	1173.048	1076.282	1157.503	653.424	1676.101	1519.094
1884.039	2218.844	2566.188	2557.756	2519.089	2305.372	2051.607	1778.836	1838.769	1778.701	1374.988	648.338	0.000	411.126	851.853	1074.575	1160.108	1468.599	1650.958	1709.587	1568.581	1549.260	1504.545	1400.945	1279.632	1284.531	1172.587	993.617	862.735	1202.522	1289.802	2019.225	2280.154	2685.272	2610.096	2623.618	2615.090	2570.206	2659.102	2577.819	2286.185	2230.128	2234.993	2225.070	726.275	641.501	568.444	394.257	522.049	710.641	1292.944	1177.201	1126.223	1202.582	1311.507	1238.535	1263.471	742.864	1871.254	1601.855
2087.322	2436.913	2738.211	2653.014	2541.775	2284.814	2038.196	1827.735	2108.778	2117.975	1763.238	1046.969	411.126	0.000	476.828	786.924	995.352	1319.598	1769.057	1853.020	1633.443	1499.873	1411.426	1647.027	1598.562	1602.216	1462.434	1305.334	1196.964	1511.977	1589.584	2228.291	2503.678	2861.414	2764.734	2797.172	2804.881	2656.548	2733.980	2637.710	2394.228	2361.279	2351.145	2333.360	633.691	455.490	371.765	313.250	329.511	548.944	1100.422	1042.794	942.744	1015.275	1432.095	1381.414	1371.071	945.134	1979.142	1660.648
2155.563	2510.323	2745.024	2570.185	2379.218	2082.900	1854.732	1727.264	2260.686	2366.211	2103.058	1429.061	851.853	476.828	0.000	392.319	731.437	1031.186	1753.026	1861.419	1565.467	1310.915	1179.730	1791.358	1837.426	1839.248	1672.358	1553.100	1480.204	1743.264	1804.071	2297.803	2581.938	2870.101	2749.525	2804.297	2832.007	2563.211	2625.115	2514.397	2335.034	2330.711	2303.147	2276.765	586.485	407.346	397.340	536.812	412.686	459.991	784.113	809.371	664.293	718.286	1447.004	1427.181	1377.600	1117.527	1938.378	1583.468
1951.332	2300.379	2484.777	2258.685	2030.036	1720.223	1503.188	1423.686	2117.686	2302.589	2137.407	1539.542	1074.575	786.924	392.319	0.000	388.530	653.068	1503.536	1624.532	1289.178	971.352	822.554	1661.048	1785.217	1785.315	1603.712	1525.340	1489.688	1689.201	1732.062	2090.320	2373.938	2609.143	2475.209	2543.320	2583.717	2246.075	2299.035	2182.301	2040.930	2054.241	2016.434	1985.368	498.377	447.779	508.577	687.273	553.148	416.024	403.439	478.831	320.720	353.073	1236.950	1242.166	1166.473	1068.377	1665.475	1300.239
1599.131	1941.801	2104.331	1870.182	1651.023	1351.466	1125.098	1035.929	1802.160	2043.545	1967.648	1470.350	1160.108	995.352	731.437	388.530	0.000	324.247	1132.909	1258.650	909.303	585.859	448.311	1365.413	1549.870	1548.472	1361.535	1323.894	1325.260	1456.040	1481.688	1734.819	2015.830	2228.189	2090.954	2162.509	2206.957	1857.852	1911.994	1796.508	1653.557	1670.334	1630.317	1598.470	437.939	547.531	632.829	776.649	680.755	460.404	147.467	92.490	68.771	73.332	896.193	920.046	827.807	885.146	1284.035	917.770
1548.433	1868.373	1963.349	1664.611	1391.555	1071.572	867.375	872.783	1812.081	2121.676	2132.277	1713.533	1468.599	1319.598	1031.186	653.068	324.247	0.000	1053.174	1186.880	808.869	387.043	212.657	1419.446	1667.001	1664.134	1479.130	1481.735	1512.854	1578.853	1585.629	1673.055	1942.094	2083.590	1932.058	2019.279	2078.660	1644.357	1684.803	1561.833	1477.994	1519.661	1466.245	1428.540	742.416	870.455	955.894	1093.361	1003.413	781.455	249.631	291.403	380.333	315.072	907.687	963.202	850.510	1083.978	1156.227	803.488
498.915	817.447	992.001	907.521	958.944	893.750	690.830	316.090	818.155	1236.779	1491.019	1462.732	1650.958	1769.057	1753.026	1503.536	1132.909	1053.174	0.000	134.161	245.615	686.087	850.429	592.110	959.012	952.253	828.197	966.627	1094.556	912.730	857.735	619.906	891.494	1117.077	1001.975	1051.284	1082.450	922.921	1017.666	952.388	635.340	592.268	586.055	574.176	1185.026	1386.212	1444.756	1456.171	1469.057	1307.538	1203.070	1041.029	1193.574	1192.992	341.173	414.517	398.190	916.553	221.491	259.090
365.078	686.059	889.409	868.541	985.779	965.596	783.817	424.465	697.879	1136.205	1433.454	1470.753	1709.587	1853.020	1861.419	1624.532	1258.650	1186.880	134.161	0.000	379.776	820.067	984.568	534.527	906.444	899.155	796.958	954.184	1092.120	872.182	806.276	486.241	760.194	1013.969	911.855	948.734	970.654	891.912	994.080	945.086	591.030	520.736	533.221	531.960	1286.126	1485.808	1540.322	1539.807	1561.873	1410.511	1333.008	1167.271	1317.985	1320.228	422.771	475.140	488.394	967.794	221.787	392.288
744.267	1059.681	1195.754	1020.969	957.040	803.967	564.550	214.352	1047.362	1435.607	1620.662	1480.515	1568.581	1633.443	1565.467	1289.178	909.303	808.869	245.615	379.776	0.000	441.028	604.903	750.586	1092.595	1086.865	934.495	1035.757	1141.349	1029.609	993.412	864.970	1133.499	1320.004	1188.257	1254.202	1297.828	1023.133	1101.975	1012.080	771.737	767.550	737.736	712.520	1020.477	1221.719	1288.360	1325.403	1318.325	1136.579	968.416	816.818	972.904	965.233	309.826	408.580	325.419	870.546	376.548	38.875
1185.001	1492.509	1576.377	1293.655	1068.440	786.282	546.307	485.804	1479.552	1836.283	1936.041	1642.017	1549.260	1499.873	1310.915	971.352	585.859	387.043	686.087	820.067	441.028	0.000	174.449	1133.077	1431.713	1427.406	1252.674	1301.329	1368.584	1353.301	1339.880	1303.110	1565.701	1696.826	1546.598	1632.413	1691.746	1277.890	1327.932	1211.049	1094.902	1132.875	1080.805	1044.047	868.706	1048.230	1129.216	1222.725	1170.365	954.567	593.400	502.120	654.628	619.899	619.713	699.779	581.525	988.685	771.047	428.706
1348.358	1662.091	1750.692	1458.790	1207.483	903.177	680.636	660.127	1628.216	1962.950	2020.675	1666.949	1504.545	1411.426	1179.730	822.554	448.311	212.657	850.429	984.568	604.903	174.449	0.000	1257.820	1532.906	1529.275	1348.536	1375.190	1425.667	1449.352	1445.684	1469.763	1735.556	1870.971	1719.898	1806.635	1866.190	1440.578	1485.529	1365.225	1266.745	1307.032	1254.061	1216.716	794.384	955.945	1039.996	1153.462	1084.377	862.543	430.876	376.470	515.655	469.680	740.694	808.802	691.477	1017.997	944.782	596.523
511.768	821.970	1208.205	1352.564	1519.587	1485.486	1279.394	900.394	469.877	705.144	900.933	1012.519	1400.945	1647.027	1791.358	1661.048	1365.413	1419.446	592.110	534.527	750.586	1133.077	1257.820	0.000	371.921	364.655	287.227	474.030	626.547	344.276	271.928	633.035	880.613	1318.552	1276.908	1261.805	1234.741	1385.973	1494.586	1462.545	1081.187	974.090	1016.103	1028.504	1212.097	1385.005	1412.765	1350.641	1417.897	1335.686	1482.125	1287.552	1406.748	1437.525	517.192	456.947	569.306	702.845	756.271	783.924
828.862	1073.442	1502.821	1706.602	1891.166	1852.479	1639.233	1260.078	608.711	528.891	532.376	757.233	1279.632	1598.562	1837.426	1785.217	1549.870	1667.001	959.012	906.444	1092.595	1431.713	1532.906	371.921	0.000	8.090	189.066	293.264	418.045	96.041	101.281	921.973	1116.538	1601.810	1587.465	1551.405	1504.238	1743.322	1853.547	1828.023	1440.470	1325.074	1374.306	1390.264	1297.341	1435.368	1441.291	1336.763	1433.682	1408.634	1682.827	1485.140	1578.071	1623.160	817.366	732.020	850.188	725.430	1128.171	1128.620
820.776	1065.588	1494.796	1698.636	1883.756	1845.791	1632.928	1253.732	601.370	526.966	538.954	764.223	1284.531	1602.216	1839.248	1785.315	1548.472	1664.134	952.253	899.155	1086.865	1427.406	1529.275	364.655	8.090	0.000	187.161	296.888	423.356	96.639	94.650	913.918	1108.804	1593.846	1579.392	1543.405	1496.345	1735.396	1845.642	1820.259	1432.585	1317.093	1366.408	1382.426	1297.987	1436.876	1443.267	1339.548	1435.920	1409.636	1681.114	1483.397	1576.994	1621.774	812.566	727.655	845.891	726.513	1120.863	1122.814
795.518	1086.720	1489.711	1636.288	1779.838	1714.332	1491.441	1114.832	667.609	700.257	689.127	729.624	1172.587	1462.434	1672.358	1603.712	1361.535	1479.130	828.197	796.958	934.495	1252.674	1348.536	287.227	189.066	187.161	0.000	194.192	347.597	100.884	131.713	909.777	1139.440	1597.279	1561.988	1542.145	1508.879	1668.102	1775.591	1737.959	1362.913	1259.511	1298.626	1308.732	1120.541	1267.180	1278.858	1186.418	1274.825	1235.055	1493.957	1296.237	1390.615	1434.848	645.646	555.420	672.278	554.993	1016.643	971.818
985.483	1280.895	1681.189	1809.130	1925.368	1833.495	1600.024	1231.368	855.787	818.220	650.676	538.495	993.617	1305.334	1553.100	1525.340	1323.894	1481.735	966.627	954.184	1035.757	1301.329	1375.190	474.030	293.264	296.888	194.192	0.000	153.643	209.271	297.136	1102.560	1333.544	1789.859	1750.925	1734.145	1702.458	1838.325	1943.915	1899.259	1533.435	1436.386	1470.511	1477.474	1030.122	1155.131	1155.947	1045.507	1146.002	1135.260	1463.883	1268.823	1343.991	1396.276	729.997	632.129	739.068	456.968	1168.611	1074.360
1138.277	1434.272	1834.347	1952.969	2052.762	1944.372	1705.141	1344.143	1003.820	922.231	649.038	386.742	862.735	1196.964	1480.204	1489.688	1325.260	1512.854	1094.556	1092.120	1141.349	1368.584	1425.667	626.547	418.045	423.356	347.597	153.643	0.000	348.405	441.968	1256.120	1486.467	1943.343	1903.073	1887.469	1856.101	1980.651	2085.019	2036.306	1676.382	1582.868	1614.308	1619.552	991.328	1093.647	1083.935	956.962	1068.293	1085.674	1469.501	1279.340	1337.655	1395.852	831.757	732.881	830.030	440.119	1302.501	1180.218
834.385	1103.248	1520.929	1695.646	1857.692	1802.955	1583.475	1205.601	657.236	623.046	591.488	710.695	1202.522	1511.977	1743.264	1689.201	1456.040	1578.853	912.730	872.182	1029.609	1353.301	1449.352	344.276	96.041	96.639	100.884	209.271	348.405	0.000	96.103	938.639	1151.113	1624.333	1599.556	1571.511	1531.054	1729.782	1838.662	1806.485	1425.199	1315.956	1359.912	1372.750	1201.404	1340.523	1347.550	1245.853	1340.725	1313.004	1589.894	1392.334	1483.472	1529.290	744.555	655.402	772.595	629.906	1093.470	1066.538
744.665	1007.705	1427.754	1614.321	1791.514	1751.203	1538.377	1159.152	562.135	570.619	633.592	806.791	1289.802	1589.584	1804.071	1732.062	1481.688	1585.629	857.735	806.276	993.412	1339.880	1445.684	271.928	101.281	94.650	131.713	297.136	441.968	96.103	0.000	845.483	1055.156	1530.162	1508.145	1477.862	1436.059	1649.930	1759.634	1731.614	1346.231	1233.441	1280.387	1295.121	1251.028	1398.847	1410.482	1316.559	1406.186	1366.192	1611.537	1413.766	1512.979	1555.013	722.863	640.386	758.835	686.687	1028.057	1029.157
142.555	212.526	582.313	852.073	1171.181	1281.291	1166.364	866.474	402.756	897.448	1368.720	1639.322	2019.225	2228.291	2297.803	2090.320	1734.819	1673.055	619.906	486.241	864.970	1303.110	1469.763	633.035	921.973	913.918	909.777	1102.560	1256.120	938.639	845.483	0.000	284.627	687.517	666.296	633.165	601.768	900.431	1012.497	1027.321	632.742	491.147	569.359	605.573	1712.663	1905.648	1949.805	1920.065	1964.370	1839.187	1815.683	1644.597	1791.607	1798.720	856.225	871.026	926.810	1291.605	575.399	874.426
426.419	74.144	444.540	873.339	1271.213	1443.219	1367.563	1108.281	519.760	956.537	1499.420	1861.453	2280.154	2503.678	2581.938	2373.938	2015.830	1942.094	891.494	760.194	1133.499	1565.701	1735.556	880.613	1116.538	1108.804	1139.440	1333.544	1486.467	1151.113	1055.156	284.627	0.000	511.409	562.919	476.266	400.005	929.638	1034.069	1083.714	729.320	592.136	679.903	725.350	1996.463	2188.638	2231.530	2197.328	2245.117	2123.034	2093.151	1925.116	2073.470	2078.804	1140.774	1154.854	1211.338	1562.388	809.821	1139.138
809.095	535.332	125.077	585.192	1048.752	1320.753	1338.486	1211.129	1024.400	1466.079	2008.921	2326.839	2685.272	2861.414	2870.101	2609.143	2228.189	2083.590	1117.077	1013.969	1320.004	1696.826	1870.971	1318.552	1601.810	1593.846	1597.279	1789.859	1943.343	1624.333	1530.162	687.517	511.409	0.000	178.127	65.910	119.792	641.172	711.949	811.599	625.266	563.951	622.088	664.243	2299.292	2499.466	2554.251	2548.800	2575.357	2423.001	2276.285	2135.737	2292.532	2281.546	1436.392	1480.133	1502.349	1946.422	944.178	1310.428
766.633	563.466	127.932	409.508	871.913	1143.174	1167.451	1062.880	1042.289	1511.404	2026.593	2289.387	2610.096	2764.734	2749.525	2475.209	2090.954	1932.058	1001.975	911.855	1188.257	1546.598	1719.898	1276.908	1587.465	1579.392	1561.988	1750.925	1903.073	1599.556	1508.145	666.296	562.919	178.127	0.000	137.324	255.052	466.444	544.056	637.200	459.583	421.014	465.837	504.325	2186.762	2388.099	2446.522	2451.492	2470.105	2308.643	2132.019	1998.779	2156.476	2141.664	1333.075	1385.897	1396.121	1867.624	812.228	1175.165
751.044	492.660	59.365	545.910	1006.858	1269.959	1280.510	1146.639	981.499	1432.796	1967.495	2271.757	2623.618	2797.172	2804.297	2543.320	2162.509	2019.279	1051.284	948.734	1254.202	1632.413	1806.635	1261.805	1551.405	1543.405	1542.145	1734.145	1887.469	1571.511	1477.862	633.165	476.266	65.910	137.324	0.000	119.257	603.209	681.188	773.951	565.968	499.673	559.925	602.874	2233.782	2434.038	2489.055	2484.454	2510.339	2357.412	2211.081	2070.051	2226.796	2216.008	1371.285	1415.789	1437.070	1884.042	878.478	1244.767
731.655	431.612	141.375	660.201	1117.986	1370.539	1366.963	1206.897	917.800	1350.723	1899.424	2237.365	2615.090	2804.881	2832.007	2583.717	2206.957	2078.660	1082.450	970.654	1297.828	1691.746	1866.190	1234.741	1504.238	1496.345	1508.879	1702.458	1856.101	1531.054	1436.059	601.768	400.005	119.792	255.052	119.257	0.000	718.056	798.951	888.521	652.967	567.397	637.461	682.891	2255.804	2454.559	2506.398	2493.303	2525.582	2380.662	2262.347	2114.497	2269.942	2262.887	1389.613	1426.501	1457.311	1880.322	926.631	1291.697
936.581	899.204	579.458	58.558	410.239	714.256	801.752	837.963	1302.619	1797.879	2239.132	2361.819	2570.206	2656.548	2563.211	2246.075	1857.852	1644.357	922.921	891.912	1023.133	1277.890	1440.578	1385.973	1743.322	1735.396	1668.102	1838.325	1980.651	1729.782	1649.930	900.431	929.638	641.172	466.444	603.209	718.056	0.000	112.489	170.759	305.213	422.122	369.878	361.101	2040.226	2240.254	2309.390	2347.867	2340.549	2152.649	1870.025	1769.314	1926.235	1896.945	1259.070	1337.353	1307.425	1839.377	701.430	996.831
1048.900	1006.325	664.294	162.445	373.221	705.130	826.794	908.074	1414.838	1909.930	2350.984	2464.825	2659.102	2733.980	2625.115	2299.035	1911.994	1684.803	1017.666	994.080	1101.975	1327.932	1485.529	1494.586	1853.547	1845.642	1775.591	1943.915	2085.019	1838.662	1759.634	1012.497	1034.069	711.949	544.056	681.188	798.951	112.489	0.000	132.395	413.498	534.258	479.280	466.912	2112.825	2311.633	2382.595	2427.151	2415.091	2222.779	1916.322	1825.008	1980.661	1947.792	1349.988	1431.070	1395.640	1932.556	796.743	1073.533
1045.823	1047.986	749.441	228.321	246.185	572.842	699.557	810.169	1425.248	1921.266	2336.418	2411.575	2577.819	2637.710	2514.397	2182.301	1796.508	1561.833	952.388	945.086	1012.080	1211.049	1365.225	1462.545	1828.023	1820.259	1737.959	1899.259	2036.306	1806.485	1731.614	1027.321	1083.714	811.599	637.200	773.951	888.521	170.759	132.395	0.000	399.266	536.805	465.892	441.179	2012.277	2209.563	2282.246	2333.386	2316.078	2119.633	1796.057	1710.722	1865.265	1830.140	1275.458	1360.902	1316.606	1859.594	735.566	981.316
646.644	681.515	517.664	277.596	546.211	730.551	715.039	617.820	1027.290	1523.022	1941.760	2058.450	2286.185	2394.228	2335.034	2040.930	1653.557	1477.994	635.340	591.030	771.737	1094.902	1266.745	1081.187	1440.470	1432.585	1362.913	1533.435	1676.382	1425.199	1346.231	632.742	729.320	625.266	459.583	565.968	652.967	305.213	413.498	399.266	0.000	143.259	67.023	61.235	1790.809	1992.410	2057.222	2082.735	2085.369	1908.065	1685.158	1562.265	1720.470	1700.352	976.009	1048.360	1029.543	1549.493	416.835	751.738
514.826	541.246	444.368	381.893	688.945	855.002	810.125	647.207	888.581	1384.655	1817.113	1967.866	2230.128	2361.279	2330.711	2054.241	1670.334	1519.661	592.268	520.736	767.550	1132.875	1307.032	974.090	1325.074	1317.093	1259.511	1436.386	1582.868	1315.956	1233.441	491.147	592.136	563.951	421.014	499.673	567.397	422.122	534.258	536.805	143.259	0.000	87.772	133.937	1772.518	1974.223	2034.955	2048.320	2060.288	1893.116	1713.935	1578.091	1735.679	1721.713	930.814	993.344	990.242	1488.530	392.341	754.151
579.931	628.587	507.725	338.685	604.561	768.163	731.664	597.938	961.886	1457.368	1874.821	1997.198	2234.993	2351.145	2303.147	2016.434	1630.317	1466.245	586.055	533.221	737.736	1080.805	1254.061	1016.103	1374.306	1366.408	1298.626	1470.511	1614.308	1359.912	1280.387	569.359	679.903	622.088	465.837	559.925	637.461	369.878	479.280	465.892	67.023	87.772	0.000	47.512	1752.970	1954.749	2018.011	2038.970	2045.094	1871.628	1667.434	1538.512	1696.589	1679.222	927.222	996.478	982.911	1496.325	372.110	720.415
607.727	672.811	551.683	336.834	565.811	721.160	685.116	563.713	993.794	1488.330	1895.519	2000.876	2225.070	2333.360	2276.765	1985.368	1598.470	1428.540	574.176	531.960	712.520	1044.047	1216.716	1028.504	1390.264	1382.426	1308.732	1477.474	1619.552	1372.750	1295.121	605.573	725.350	664.243	504.325	602.874	682.891	361.101	466.912	441.179	61.235	133.937	47.512	0.000	1730.857	1932.514	1996.993	2021.774	2024.934	1848.458	1632.621	1506.943	1665.122	1646.206	914.791	987.382	968.327	1488.662	355.622	693.297
1570.261	1925.175	2174.417	2040.592	1909.287	1651.936	1404.604	1204.751	1679.672	1820.744	1639.320	1065.761	726.275	633.691	586.485	498.377	437.939	742.416	1185.026	1286.126	1020.477	868.706	794.384	1212.097	1297.341	1297.987	1120.541	1030.122	991.328	1201.404	1251.028	1712.663	1996.463	2299.292	2186.762	2233.782	2255.804	2040.226	2112.825	2012.277	1790.809	1772.518	1752.970	1730.857	0.000	201.802	269.969	359.090	305.587	126.617	577.980	451.076	413.822	488.435	866.594	841.651	798.494	574.131	1382.414	1044.222
1763.103	2117.983	2374.676	2241.276	2100.834	1834.372	1590.353	1403.750	1854.650	1963.491	1730.944	1099.397	641.501	455.490	407.346	447.779	547.531	870.455	1386.212	1485.808	1221.719	1048.230	955.945	1385.005	1435.368	1436.876	1267.180	1155.131	1093.647	1340.523	1398.847	1905.648	2188.638	2499.466	2388.099	2434.038	2454.559	2240.254	2311.633	2209.563	1992.410	1974.223	1954.749	1932.514	201.802	0.000	85.461	247.328	133.281	93.832	665.888	588.652	501.515	576.979	1064.946	1035.281	997.605	712.228	1584.212	1244.977
1807.303	2161.677	2429.730	2309.096	2177.690	1914.916	1669.709	1474.535	1882.560	1970.180	1712.462	1060.511	568.444	371.765	397.340	508.577	632.829	955.894	1444.756	1540.322	1288.360	1129.216	1039.996	1412.765	1441.291	1443.267	1278.858	1155.947	1083.935	1347.550	1410.482	1949.805	2231.530	2554.251	2446.522	2489.055	2506.398	2309.390	2382.595	2282.246	2057.222	2034.955	2018.011	1996.993	269.969	85.461	0.000	178.904	48.968	177.533	749.648	673.876	585.995	661.155	1117.949	1082.267	1052.080	725.480	1646.563	1312.894
1778.571	2129.705	2425.447	2343.170	2245.750	2001.262	1751.209	1523.303	1816.955	1863.727	1568.375	895.272	394.257	313.250	536.812	687.273	776.649	1093.361	1456.171	1539.807	1325.403	1222.725	1153.462	1350.641	1336.763	1339.548	1186.418	1045.507	956.962	1245.853	1316.559	1920.065	2197.328	2548.800	2451.492	2484.454	2493.303	2347.867	2427.151	2333.386	2082.735	2048.320	2038.970	2021.774	359.090	247.328	178.904	0.000	138.019	319.288	904.127	803.968	737.774	814.085	1118.866	1068.674	1058.078	648.395	1667.120	1353.703
1822.008	2175.809	2451.063	2339.294	2214.874	1955.388	1709.166	1507.296	1887.222	1962.401	1691.049	1029.315	522.049	329.511	412.686	553.148	680.755	1003.413	1469.057	1561.873	1318.325	1170.365	1084.377	1417.897	1433.682	1435.920	1274.825	1146.002	1068.293	1340.725	1406.186	1964.370	2245.117	2575.357	2470.105	2510.339	2525.582	2340.549	2415.091	2316.078	2085.369	2060.288	2045.094	2024.934	305.587	133.281	48.968	138.019	0.000	223.160	798.455	720.206	634.572	709.848	1139.124	1099.733	1074.330	724.311	1673.244	1343.728
1696.804	2051.705	2298.051	2154.598	2008.601	1740.768	1497.117	1315.362	1803.996	1934.458	1729.870	1124.203	710.641	548.944	459.991	416.024	460.404	781.455	1307.538	1410.511	1136.579	954.567	862.543	1335.686	1408.634	1409.636	1235.055	1135.260	1085.674	1313.004	1366.192	1839.187	2123.034	2423.001	2308.643	2357.412	2380.662	2152.649	2222.779	2119.633	1908.065	1893.116	1871.628	1848.458	126.617	93.832	177.533	319.288	223.160	0.000	584.916	497.065	418.760	494.986	992.009	968.199	923.532	683.244	1502.101	1158.822
1683.470	2019.008	2153.784	1886.804	1634.102	1318.918	1107.882	1069.496	1907.787	2168.844	2109.832	1617.727	1292.944	1100.422	784.113	403.439	147.467	249.631	1203.070	1333.008	968.416	593.400	430.876	1482.125	1682.827	1681.114	1493.957	1463.883	1469.501	1589.894	1611.537	1815.683	2093.151	2276.285	2132.019	2211.081	2262.347	1870.025	1916.322	1796.057	1685.158	1713.935	1667.434	1632.621	577.980	665.888	749.648	904.127	798.455	584.916	0.000	197.791	166.721	90.386	995.944	1030.006	930.117	1029.595	1335.755	971.314
1509.505	1851.053	2011.860	1780.845	1569.962	1276.496	1045.434	944.874	1718.974	1971.729	1916.358	1446.387	1177.201	1042.794	809.371	478.831	92.490	291.403	1041.029	1167.271	816.818	502.120	376.470	1287.552	1485.140	1483.397	1296.237	1268.823	1279.340	1392.334	1413.766	1644.597	1925.116	2135.737	1998.779	2070.051	2114.497	1769.314	1825.008	1710.722	1562.265	1578.091	1538.512	1506.943	451.076	588.652	673.876	803.968	720.206	497.065	197.791	0.000	158.205	154.784	810.094	838.192	742.523	840.669	1191.573	825.330
1654.937	1999.531	2168.488	1938.314	1719.501	1418.785	1193.424	1103.060	1849.000	2077.929	1983.335	1464.961	1126.223	942.744	664.293	320.720	68.771	380.333	1193.574	1317.985	972.904	654.628	515.655	1406.748	1578.071	1576.994	1390.615	1343.991	1337.655	1483.472	1512.979	1791.607	2073.470	2292.532	2156.476	2226.796	2269.942	1926.235	1980.661	1865.265	1720.470	1735.679	1696.589	1665.122	413.822	501.515	585.995	737.774	634.572	418.760	166.721	158.205	0.000	76.386	947.717	966.583	878.505	898.251	1348.377	982.367
1663.966	2004.710	2158.119	1911.136	1677.109	1369.792	1150.282	1082.626	1872.384	2116.696	2039.209	1533.741	1202.582	1015.275	718.286	353.073	73.332	315.072	1192.992	1320.228	965.233	619.899	469.680	1437.525	1623.160	1621.774	1434.848	1396.276	1395.852	1529.290	1555.013	1798.720	2078.804	2281.546	2141.664	2216.008	2262.887	1896.945	1947.792	1830.140	1700.352	1721.713	1679.222	1646.206	488.435	576.979	661.155	814.085	709.848	494.986	90.386	154.784	76.386	0.000	964.565	990.754	896.717	955.768	1337.986	971.730
715.683	1067.946	1311.990	1246.292	1249.504	1113.692	873.443	517.468	912.597	1222.333	1334.690	1173.048	1311.507	1432.095	1447.004	1236.950	896.193	907.687	341.173	422.771	309.826	619.713	740.694	517.192	817.366	812.566	645.646	729.997	831.757	744.555	722.863	856.225	1140.774	1436.392	1333.075	1371.285	1389.613	1259.070	1349.988	1275.458	976.009	930.814	927.222	914.791	866.594	1064.946	1117.949	1118.866	1139.124	992.009	995.944	810.094	947.717	964.565	0.000	98.888	70.639	584.140	559.975	348.697
728.610	1083.530	1356.804	1321.839	1342.745	1212.278	972.331	614.816	882.464	1158.679	1243.307	1076.282	1238.535	1381.414	1427.181	1242.166	920.046	963.202	414.517	475.140	408.580	699.779	808.802	456.947	732.020	727.655	555.420	632.129	732.881	655.402	640.386	871.026	1154.854	1480.133	1385.897	1415.789	1426.501	1337.353	1431.070	1360.902	1048.360	993.344	996.478	987.382	841.651	1035.281	1082.267	1068.674	1099.733	968.199	1030.006	838.192	966.583	990.754	98.888	0.000	118.457	502.042	635.968	447.455
786.318	1138.465	1377.732	1296.911	1279.001	1125.324	879.820	539.012	977.669	1273.356	1358.891	1157.503	1263.471	1371.071	1377.600	1166.473	827.807	850.510	398.190	488.394	325.419	581.525	691.477	569.306	850.188	845.891	672.278	739.068	830.030	772.595	758.835	926.810	1211.338	1502.349	1396.121	1437.070	1457.311	1307.425	1395.640	1316.606	1029.543	990.242	982.911	968.327	798.494	997.605	1052.080	1058.078	1074.330	923.532	930.117	742.523	878.505	896.717	70.639	118.457	0.000	547.676	612.709	363.357
1152.864	1497.248	1826.177	1823.686	1826.481	1657.377	1405.982	1084.890	1168.577	1252.156	1085.338	653.424	742.864	945.134	1117.527	1068.377	885.146	1083.978	916.553	967.794	870.546	988.685	1017.997	702.845	725.430	726.513	554.993	456.968	440.119	629.906	686.687	1291.605	1562.388	1946.422	1867.624	1884.042	1880.322	1839.377	1932.556	1859.594	1549.493	1488.530	1496.325	1488.662	574.131	712.228	725.480	648.395	724.311	683.244	1029.595	840.669	898.251	955.768	584.140	502.042	547.676	0.000	1138.010	907.388
494.137	739.121	820.324	686.574	764.232	757.877	601.510	298.641	871.963	1335.110	1654.428	1676.101	1871.254	1979.142	1938.378	1665.475	1284.035	1156.227	221.491	221.787	376.548	771.047	944.782	756.271	1128.171	1120.863	1016.643	1168.611	1302.501	1093.470	1028.057	575.399	809.821	944.178	812.228	878.478	926.631	701.430	796.743	735.566	416.835	392.341	372.110	355.622	1382.414	1584.212	1646.563	1667.120	1673.244	1502.101	1335.755	1191.573	1348.377	1337.986	559.975	635.968	612.709	1138.010	0.000	366.352
757.342	1065.608	1186.668	996.371	921.382	765.134	525.813	178.192	1069.904	1465.189	1657.348	1519.094	1601.855	1660.648	1583.468	1300.239	917.770	803.488	259.090	392.288	38.875	428.706	596.523	783.924	1128.620	1122.814	971.818	1074.360	1180.218	1066.538	1029.157	874.426	1139.138	1310.428	1175.165	1244.767	1291.697	996.831	1073.533	981.316	751.738	754.151	720.415	693.297	1044.222	1244.977	1312.894	1353.703	1343.728	1158.822	971.314	825.330	982.367	971.730	348.697	447.455	363.357	907.388	366.352	0.000
EOF
