%randomly generated instance
%vessels
3
100	25000	0.23
200	30000	0.28
300	35000	0.33
%ports
20
1	ContinentalPort	CP	0	0
2	Port2	RP	6	84
3	Port3	RP	13	10
4	Port4	RP	45	8
5	Port5	RP	15	3
6	Port6	RP	60	3
7	Port7	RP	20	48
8	Port8	RP	24	30
9	Port9	RP	20	21
10	Port10	RP	77	15
11	Port11	RP	18	32
12	Port12	RP	49	7
13	Port13	RP	0	14
14	Port14	RP	31	14
15	Port15	RP	7	63
16	Port16	RP	18	26
17	Port17	RP	16	27
18	Port18	RP	8	80
19	Port19	RP	56	25
20	Port20	RP	0	69
%distance table
0.000	1122.160	831.736	558.249	312.501	566.558	945.214	1066.709	1173.963	902.904	834.216	563.467	484.493	517.398	515.089	715.767	943.363	1141.372	1239.703	363.536
1122.160	0.000	305.519	569.639	981.992	1616.400	2050.120	2188.410	2295.585	2024.154	1949.918	1675.879	1183.907	913.667	638.754	408.204	291.753	139.832	132.783	812.474
831.736	305.519	0.000	305.480	676.476	1311.658	1748.715	1893.920	2004.964	1734.329	1651.617	1377.359	882.987	617.393	334.278	158.988	158.008	310.536	410.613	508.170
558.249	569.639	305.480	0.000	494.372	1086.812	1499.103	1624.279	1728.230	1456.619	1391.813	1119.481	745.305	532.877	198.816	161.871	451.577	609.885	693.403	316.524
312.501	981.992	676.476	494.372	0.000	639.021	1088.608	1259.273	1382.924	1120.889	1005.390	735.645	260.728	205.677	346.131	612.927	746.357	965.326	1080.643	179.804
566.558	1616.400	1311.658	1086.812	639.021	0.000	461.975	670.285	808.451	585.623	411.598	221.777	523.769	773.125	977.657	1229.462	1385.000	1604.321	1718.732	803.959
945.214	2050.120	1748.715	1499.103	1088.608	461.975	0.000	250.461	391.535	297.258	139.499	382.434	984.448	1234.129	1415.274	1651.430	1833.527	2048.981	2158.885	1242.066
1066.709	2188.410	1893.920	1624.279	1259.273	670.285	250.461	0.000	142.788	191.593	259.958	523.685	1190.844	1423.608	1565.890	1782.476	1992.450	2200.721	2303.914	1396.605
1173.963	2295.585	2004.964	1728.230	1382.924	808.451	391.535	142.788	0.000	271.626	396.853	648.951	1326.073	1552.907	1680.495	1888.080	2108.738	2313.521	2413.640	1513.622
902.904	2024.154	1734.329	1456.619	1120.889	585.623	297.258	191.593	271.626	0.000	206.342	396.559	1084.751	1297.716	1411.325	1616.546	1840.049	2043.303	2142.590	1245.903
834.216	1949.918	1651.617	1391.813	1005.390	411.598	139.499	259.958	396.853	206.342	0.000	274.259	930.913	1165.262	1320.481	1547.142	1744.208	1955.802	2062.222	1149.081
563.467	1675.879	1377.359	1119.481	735.645	221.777	382.434	523.685	648.951	396.559	274.259	0.000	688.733	904.354	1046.386	1273.826	1470.869	1681.734	1787.964	875.357
484.493	1183.907	882.987	745.305	260.728	523.769	984.448	1190.844	1326.073	1084.751	930.913	688.733	0.000	275.605	574.690	847.243	919.884	1144.392	1267.701	429.462
517.398	913.667	617.393	532.877	205.677	773.125	1234.129	1423.608	1552.907	1297.716	1165.262	904.354	275.605	0.000	339.522	603.672	644.858	869.397	993.495	254.829
515.089	638.754	334.278	198.816	346.131	977.657	1415.274	1565.890	1680.495	1411.325	1320.481	1046.386	574.690	339.522	0.000	272.558	429.071	635.350	743.667	173.892
715.767	408.204	158.988	161.871	612.927	1229.462	1651.430	1782.476	1888.080	1616.546	1547.142	1273.826	847.243	603.672	272.558	0.000	315.904	451.018	531.555	433.990
943.363	291.753	158.008	451.577	746.357	1385.000	1833.527	1992.450	2108.738	1840.049	1744.208	1470.869	919.884	644.858	429.071	315.904	0.000	224.541	349.856	595.847
1141.372	139.832	310.536	609.885	965.326	1604.321	2048.981	2200.721	2313.521	2043.303	1955.802	1681.734	1144.392	869.397	635.350	451.018	224.541	0.000	128.907	807.279
1239.703	132.783	410.613	693.403	1080.643	1718.732	2158.885	2303.914	2413.640	2142.590	2062.222	1787.964	1267.701	993.495	743.667	531.555	349.856	128.907	0.000	917.234
363.536	812.474	508.170	316.524	179.804	803.959	1242.066	1396.605	1513.622	1245.903	1149.081	875.357	429.462	254.829	173.892	433.990	595.847	807.279	917.234	0.000
EOF
