%randomly generated instance
%vessels
3
100	25000	0.23
200	30000	0.28
300	35000	0.33
%ports
100
1	ContinentalPort	CP	0	0
2	Port2	RP	21	17
3	Port3	RP	21	16
4	Port4	RP	66	2
5	Port5	RP	0	38
6	Port6	RP	19	61
7	Port7	RP	30	24
8	Port8	RP	72	13
9	Port9	RP	52	22
10	Port10	RP	6	13
11	Port11	RP	61	16
12	Port12	RP	61	23
13	Port13	RP	0	1
14	Port14	RP	4	46
15	Port15	RP	13	1
16	Port16	RP	23	30
17	Port17	RP	15	34
18	Port18	RP	2	6
19	Port19	RP	4	13
20	Port20	RP	12	76
21	Port21	RP	26	14
22	Port22	RP	26	51
23	Port23	RP	0	39
24	Port24	RP	79	8
25	Port25	RP	42	18
26	Port26	RP	41	16
27	Port27	RP	42	40
28	Port28	RP	23	24
29	Port29	RP	56	18
30	Port30	RP	36	32
31	Port31	RP	6	4
32	Port32	RP	25	16
33	Port33	RP	6	5
34	Port34	RP	12	36
35	Port35	RP	12	22
36	Port36	RP	45	2
37	Port37	RP	8	20
38	Port38	RP	21	71
39	Port39	RP	11	14
40	Port40	RP	86	6
41	Port41	RP	24	27
42	Port42	RP	57	8
43	Port43	RP	1	24
44	Port44	RP	16	14
45	Port45	RP	8	1
46	Port46	RP	26	24
47	Port47	RP	1	5
48	Port48	RP	2	78
49	Port49	RP	39	59
50	Port50	RP	26	40
51	Port51	RP	19	4
52	Port52	RP	11	20
53	Port53	RP	12	48
54	Port54	RP	4	2
55	Port55	RP	7	61
56	Port56	RP	3	21
57	Port57	RP	8	45
58	Port58	RP	26	12
59	Port59	RP	7	11
60	Port60	RP	0	5
61	Port61	RP	25	3
62	Port62	RP	77	21
63	Port63	RP	15	26
64	Port64	RP	11	11
65	Port65	RP	74	20
66	Port66	RP	31	41
67	Port67	RP	10	84
68	Port68	RP	8	8
69	Port69	RP	47	11
70	Port70	RP	72	4
71	Port71	RP	28	62
72	Port72	RP	0	1
73	Port73	RP	22	77
74	Port74	RP	28	44
75	Port75	RP	10	77
76	Port76	RP	49	3
77	Port77	RP	6	8
78	Port78	RP	23	11
79	Port79	RP	86	7
80	Port80	RP	2	3
81	Port81	RP	38	34
82	Port82	RP	4	18
83	Port83	RP	30	39
84	Port84	RP	0	14
85	Port85	RP	8	29
86	Port86	RP	22	46
87	Port87	RP	56	7
88	Port88	RP	1	99
89	Port89	RP	37	9
90	Port90	RP	59	1
91	Port91	RP	10	22
92	Port92	RP	7	26
93	Port93	RP	12	49
94	Port94	RP	3	1
95	Port95	RP	3	11
96	Port96	RP	14	62
97	Port97	RP	7	23
98	Port98	RP	0	4
99	Port99	RP	21	79
100	Port100	RP	45	3
%distance table
0.000	1456.796	1562.593	1532.088	1437.079	1487.378	1416.554	1358.613	1382.182	1500.232	636.773	540.438	615.312	627.617	719.226	1259.394	686.729	787.348	803.541	736.962	801.418	877.729	876.285	848.442	740.953	706.924	658.828	471.741	520.969	575.953	1600.308	1477.645	1481.606	1645.065	1831.433	1837.929	1701.503	1683.051	1576.789	1706.534	1798.598	1758.457	1551.953	1465.399	1390.002	1395.140	1496.610	1554.348	1597.723	1735.619	1755.822	1744.267	1830.452	1901.050	1955.505	1949.171	1922.900	1920.072	1792.135	1807.551	1806.461	1697.707	1638.781	1637.744	1850.486	1788.812	1654.724	1635.885	1790.266	1781.544	1946.540	1993.059	1803.725	1772.033	1687.915	1564.278	1532.357	1576.923	1612.213	1840.731	1580.586	1755.964	1559.414	1559.099	1396.636	1695.469	1899.774	1992.944	2001.525	2153.260	2111.319	2011.810	1920.682	1787.192	1646.092	1503.920	1359.652	1381.405	1479.246	2164.406
1456.796	0.000	105.830	108.328	114.553	33.653	87.768	100.895	80.895	78.731	1589.485	1624.239	1733.297	1684.493	1734.015	216.555	1880.642	1846.502	1773.473	1840.496	1957.887	1929.932	1876.084	1744.042	1622.068	1577.932	1482.599	1455.816	1674.698	1738.299	867.503	889.848	1015.603	1135.283	1118.758	1231.963	994.636	958.334	1011.492	1120.802	1034.390	882.517	822.465	832.630	913.747	1028.405	1108.215	1163.400	1226.347	1287.959	1270.895	1210.271	1186.026	1215.889	1202.514	1155.614	1110.314	1103.740	970.701	927.164	1814.777	1775.944	1810.339	1925.806	2229.843	2243.279	2183.059	2037.512	2085.565	1928.808	2099.396	2258.365	2179.192	1913.611	1879.769	1966.238	2038.382	2035.245	1831.644	2044.196	2006.793	2029.856	1693.513	1894.634	1907.021	2197.263	2300.082	2190.251	2001.497	2320.427	2393.921	2383.951	2433.861	2291.854	2009.471	1795.664	1773.899	1925.685	1978.057	2033.796
1562.593	105.830	0.000	83.720	169.730	76.149	165.653	205.112	183.762	94.256	1685.925	1723.640	1832.241	1782.395	1830.044	316.211	1980.261	1942.518	1867.545	1937.918	2055.845	2024.839	1969.829	1836.031	1715.690	1672.087	1577.340	1555.615	1775.153	1838.314	884.228	922.733	1052.152	1159.832	1121.675	1241.476	1005.392	969.278	1037.693	1138.071	1035.578	878.272	843.539	865.234	957.068	1073.910	1146.437	1198.180	1259.645	1311.103	1291.157	1228.407	1193.462	1217.369	1196.717	1146.983	1101.410	1094.678	968.238	919.285	1857.926	1824.953	1864.714	1984.921	2289.084	2306.721	2251.511	2101.210	2142.063	1978.901	2146.501	2310.139	2238.982	1963.654	1933.846	2031.267	2107.892	2102.194	1888.574	2095.649	2072.446	2086.045	1748.455	1957.246	1979.123	2264.046	2359.549	2238.721	2039.887	2364.859	2444.840	2440.576	2498.163	2357.471	2071.452	1857.884	1843.654	1999.198	2048.228	2061.829
1532.088	108.328	83.720	0.000	102.470	78.315	115.578	180.926	184.700	149.762	1627.807	1670.035	1777.739	1726.280	1771.222	273.349	1926.790	1883.576	1806.257	1880.937	1999.572	1964.420	1908.077	1772.487	1654.032	1611.091	1517.161	1502.931	1723.432	1785.694	801.629	839.014	968.463	1076.521	1041.968	1160.357	923.864	887.683	954.223	1055.563	956.236	800.268	760.397	781.514	873.795	990.794	1062.785	1114.461	1175.934	1227.963	1208.325	1145.822	1112.750	1138.107	1119.558	1070.713	1025.188	1018.504	889.830	842.496	1774.434	1742.012	1782.573	1903.724	2207.840	2226.559	2172.980	2021.181	2060.259	1896.070	2063.303	2227.491	2157.879	1880.819	1851.635	1951.663	2029.804	2023.189	1806.922	2012.986	1993.024	2004.192	1666.450	1876.954	1902.132	2184.931	2278.343	2155.656	1956.188	2281.415	2362.055	2358.742	2418.206	2277.950	1990.950	1777.520	1765.778	1922.815	1970.419	1978.396
1437.079	114.553	169.730	102.470	0.000	112.010	39.563	116.350	151.242	190.431	1525.386	1567.666	1675.311	1623.810	1668.855	178.449	1824.419	1781.223	1704.196	1778.476	1897.102	1862.236	1806.104	1670.901	1552.024	1508.968	1414.917	1400.657	1621.244	1683.402	753.453	775.654	901.948	1020.731	1006.895	1118.624	881.297	845.004	896.951	1006.549	923.108	773.301	708.067	718.376	801.388	916.745	994.898	1049.562	1112.343	1173.408	1156.415	1095.923	1073.096	1104.260	1093.053	1047.239	1002.141	995.643	860.634	819.125	1702.843	1665.795	1702.318	1820.100	2124.270	2140.091	2083.194	1934.444	1978.587	1819.092	1988.689	2149.367	2073.901	1803.872	1771.638	1863.996	1939.277	1934.297	1724.809	1935.025	1904.966	1922.719	1585.706	1790.878	1809.934	2096.226	2194.641	2080.018	1888.507	2208.952	2284.615	2277.092	2331.233	2190.050	1905.369	1691.651	1674.937	1829.785	1879.445	1919.441
1487.378	33.653	76.149	78.315	112.010	0.000	96.109	129.146	114.519	81.618	1611.956	1648.544	1757.312	1707.850	1756.258	240.611	1905.102	1868.745	1794.614	1863.570	1981.293	1951.549	1897.054	1764.058	1642.947	1599.100	1504.083	1480.375	1699.713	1763.017	857.808	885.457	1012.615	1128.398	1105.176	1220.442	983.268	946.978	1005.023	1111.579	1020.218	866.595	814.077	828.059	913.018	1028.583	1105.893	1159.941	1222.434	1280.739	1262.740	1201.398	1173.843	1201.968	1186.498	1138.767	1093.352	1086.728	955.403	910.286	1814.548	1777.799	1814.180	1931.470	2235.618	2250.683	2192.453	2044.980	2090.270	1931.101	2100.651	2261.347	2185.168	1915.882	1883.518	1974.218	2048.182	2044.006	1836.451	2047.016	2015.029	2034.433	1697.531	1901.645	1917.868	2205.985	2305.955	2192.017	1999.665	2320.776	2396.615	2388.759	2441.632	2300.125	2016.261	1802.497	1783.746	1937.129	1988.117	2028.491
1416.554	87.768	165.653	115.578	39.563	96.109	0.000	78.132	112.174	166.428	1520.840	1560.051	1668.308	1617.882	1664.819	157.902	1816.769	1777.277	1701.960	1773.159	1891.314	1859.356	1804.212	1670.394	1550.072	1506.519	1411.860	1392.395	1612.428	1675.176	786.625	804.372	929.274	1051.439	1042.458	1152.773	915.530	879.265	927.399	1039.120	959.095	810.407	740.291	747.314	826.544	940.936	1021.547	1077.255	1140.426	1204.306	1188.069	1128.168	1107.720	1139.960	1129.935	1084.567	1039.555	1033.086	897.317	856.653	1727.334	1688.199	1722.634	1838.431	2142.505	2156.489	2097.252	1950.743	1997.986	1841.043	2011.696	2170.605	2091.908	1825.846	1792.056	1879.689	1952.816	1949.082	1744.078	1956.431	1920.366	1942.254	1605.826	1807.681	1822.154	2111.085	2212.772	2102.507	1914.513	2232.850	2306.154	2296.396	2347.232	2205.451	1922.441	1708.643	1688.353	1841.265	1892.654	1948.535
1358.613	100.895	205.112	180.926	116.350	129.146	78.132	0.000	57.834	166.200	1490.486	1524.010	1633.217	1584.824	1635.177	118.284	1780.319	1747.648	1675.624	1741.005	1858.158	1831.607	1778.382	1647.371	1524.514	1480.104	1384.491	1355.475	1574.145	1637.865	838.402	845.196	966.325	1096.207	1100.118	1206.266	969.717	933.621	971.877	1088.628	1018.141	873.167	789.851	788.933	859.098	970.797	1056.707	1114.686	1178.612	1249.213	1234.917	1176.649	1162.599	1197.873	1191.496	1147.646	1102.974	1096.608	958.581	920.708	1756.095	1712.263	1742.006	1853.310	2156.846	2166.861	2102.728	1961.116	2015.007	1863.895	2036.750	2191.530	2105.803	1848.767	1811.560	1888.857	1957.364	1956.248	1761.120	1977.933	1928.863	1959.634	1624.938	1819.310	1824.125	2118.230	2226.824	2126.303	1946.589	2259.750	2327.642	2312.934	2356.583	2213.655	1934.502	1720.814	1693.004	1841.684	1896.585	1988.022
1382.182	80.895	183.762	184.700	151.242	114.519	112.174	57.834	0.000	122.376	1534.102	1564.410	1674.080	1626.890	1679.046	168.760	1820.260	1791.443	1721.119	1783.453	1899.970	1876.309	1824.055	1694.425	1570.492	1525.710	1429.723	1395.529	1613.126	1677.392	891.832	901.534	1023.316	1151.815	1151.199	1259.206	1022.299	986.118	1027.507	1142.932	1068.492	921.298	843.994	845.088	916.559	1028.475	1113.958	1171.665	1235.498	1304.831	1290.039	1231.294	1214.963	1248.856	1240.466	1195.639	1150.730	1144.292	1007.669	967.982	1813.875	1770.087	1799.653	1910.581	2214.033	2223.537	2158.590	2017.817	2072.467	1921.690	2094.582	2249.242	2162.945	1906.564	1869.211	1945.388	2013.072	2012.440	1818.600	2035.678	1985.281	2017.127	1682.577	1876.203	1879.329	2174.394	2283.973	2184.116	2004.209	2317.579	2385.377	2370.333	2413.085	2269.987	1991.438	1777.791	1748.788	1896.535	1952.183	2044.815
1500.232	78.731	94.256	149.762	190.431	81.618	166.428	166.200	122.376	0.000	1655.208	1686.511	1796.092	1748.582	1800.048	284.452	1942.451	1912.486	1841.244	1905.030	2021.753	1996.904	1944.072	1813.437	1690.295	1645.754	1549.989	1517.681	1735.429	1799.636	939.409	965.831	1092.373	1209.611	1186.359	1301.993	1064.842	1028.556	1086.119	1193.159	1101.245	946.992	895.549	908.495	991.472	1106.443	1185.316	1239.944	1302.648	1362.037	1344.206	1282.950	1255.312	1283.045	1266.756	1218.599	1173.132	1166.482	1036.041	990.181	1892.741	1854.428	1889.053	2004.494	2308.519	2321.717	2260.951	2115.944	2164.295	2007.369	2177.768	2337.018	2257.849	1992.167	1958.479	2044.557	2116.134	2113.350	1910.373	2122.829	2085.046	2108.587	1772.234	1973.156	1984.345	2275.371	2378.748	2268.728	2078.871	2398.577	2472.543	2462.679	2512.214	2370.086	2088.026	1874.218	1851.654	2002.721	2055.712	2109.290
636.773	1589.485	1685.925	1627.807	1525.386	1611.956	1520.840	1490.486	1534.102	1655.208	0.000	127.814	179.292	112.338	145.211	1372.981	325.566	257.384	203.222	254.781	375.000	345.134	303.339	219.980	104.905	82.074	122.956	187.886	195.736	217.069	1367.126	1224.963	1173.022	1303.088	1527.612	1489.126	1426.959	1421.212	1278.718	1379.796	1523.793	1541.269	1333.947	1237.910	1123.674	1075.822	1148.534	1188.762	1211.442	1345.854	1376.322	1387.081	1498.791	1571.534	1643.400	1655.065	1641.818	1641.125	1543.165	1580.249	1247.841	1132.266	1055.316	1028.276	1219.155	1153.531	1018.137	1008.618	1170.755	1190.427	1343.047	1369.928	1173.877	1183.006	1094.710	940.163	898.249	945.585	1019.748	1233.915	952.566	1141.563	996.277	946.344	766.490	1059.269	1265.991	1379.467	1427.138	1538.160	1483.162	1378.194	1284.114	1150.485	1023.431	905.476	748.464	748.352	847.160	1610.044
540.438	1624.239	1723.640	1670.035	1567.666	1648.544	1560.051	1524.010	1564.410	1686.511	127.814	0.000	110.917	89.402	180.007	1408.082	256.757	266.177	263.408	233.565	340.062	361.401	343.747	310.834	224.930	209.765	229.169	169.160	72.409	118.237	1462.660	1321.871	1277.696	1413.587	1634.645	1601.718	1529.185	1521.551	1382.976	1488.862	1626.815	1636.018	1426.769	1331.045	1221.353	1180.902	1258.506	1301.417	1326.859	1462.521	1491.970	1500.104	1609.289	1682.178	1752.211	1761.580	1746.499	1745.509	1642.640	1676.832	1375.578	1259.912	1182.189	1151.806	1333.450	1263.453	1124.777	1126.174	1291.211	1316.419	1467.083	1488.592	1289.387	1309.221	1220.634	1059.496	1010.666	1060.635	1145.892	1357.528	1069.876	1263.634	1124.040	1069.359	883.180	1167.336	1377.810	1501.299	1554.193	1659.297	1599.135	1489.996	1385.871	1255.991	1143.109	1031.176	872.541	862.628	961.936	1737.745
615.312	1733.297	1832.241	1777.739	1675.311	1757.312	1668.308	1633.217	1674.080	1796.092	179.292	110.917	0.000	68.201	126.497	1516.986	151.604	172.192	207.069	127.828	229.193	264.652	262.272	275.618	239.572	246.562	301.128	279.735	94.530	53.331	1545.686	1403.721	1352.286	1481.423	1706.613	1666.667	1606.244	1600.409	1457.991	1558.463	1703.084	1719.722	1511.918	1415.917	1302.521	1255.076	1327.074	1366.437	1387.779	1521.285	1552.393	1564.493	1677.056	1749.732	1822.058	1834.119	1821.048	1820.372	1722.305	1759.036	1390.055	1273.086	1188.411	1143.735	1303.019	1226.104	1083.477	1103.265	1273.823	1317.025	1459.188	1466.149	1261.429	1310.988	1221.355	1040.924	979.175	1033.335	1148.090	1348.658	1046.880	1250.596	1140.199	1060.239	860.734	1127.790	1342.895	1486.558	1560.310	1642.169	1570.723	1454.554	1336.500	1212.239	1124.729	1031.979	868.490	835.927	935.022	1750.485
627.617	1684.493	1782.395	1726.280	1623.810	1707.850	1617.882	1584.824	1626.890	1748.582	112.338	89.402	68.201	0.000	91.610	1467.972	213.692	180.139	176.238	157.224	273.450	275.161	254.411	231.626	174.697	178.612	235.088	241.804	120.332	113.592	1479.463	1337.297	1284.733	1413.326	1638.747	1598.479	1538.945	1533.380	1390.463	1490.449	1635.662	1653.601	1446.211	1350.179	1236.000	1187.502	1259.028	1298.260	1319.591	1453.154	1484.219	1496.299	1608.943	1681.608	1754.036	1766.287	1753.408	1752.766	1655.383	1692.579	1329.395	1212.722	1130.134	1090.591	1260.181	1186.879	1046.342	1056.526	1224.730	1260.780	1406.250	1419.515	1217.306	1254.329	1164.985	992.104	936.534	988.637	1091.129	1296.027	1000.112	1199.597	1078.867	1007.414	813.409	1089.699	1302.440	1436.472	1502.340	1593.218	1527.047	1414.459	1304.418	1176.655	1075.927	975.369	813.389	790.610	889.989	1690.523
719.226	1734.015	1830.044	1771.222	1668.855	1756.258	1664.819	1635.177	1679.046	1800.048	145.211	180.007	126.497	91.610	0.000	1517.560	222.553	112.490	85.015	122.580	240.819	200.738	167.400	149.132	143.617	171.421	256.322	316.699	207.126	179.785	1483.018	1340.019	1279.078	1399.628	1628.695	1581.084	1535.018	1531.602	1384.777	1478.332	1630.480	1657.379	1452.629	1356.679	1238.423	1181.927	1246.841	1282.128	1299.185	1430.070	1462.650	1478.679	1594.453	1666.669	1741.331	1756.489	1745.898	1745.613	1654.149	1694.341	1270.480	1153.223	1066.285	1018.296	1177.097	1101.288	959.497	976.780	1147.399	1193.155	1333.578	1339.681	1135.238	1187.415	1097.626	914.495	853.233	907.022	1024.853	1222.967	920.392	1124.471	1021.867	934.712	734.239	1003.403	1217.663	1360.235	1437.665	1515.715	1444.650	1329.466	1215.352	1089.056	998.291	908.573	744.222	709.510	808.651	1629.798
1259.394	216.555	316.211	273.349	178.449	240.611	157.902	118.284	168.760	284.452	1372.981	1408.082	1516.986	1467.972	1517.560	0.000	1664.590	1630.044	1557.548	1623.945	1741.378	1713.712	1660.266	1529.096	1406.356	1362.017	1266.495	1239.826	1459.103	1522.438	783.512	772.696	887.500	1027.310	1053.880	1151.216	917.779	882.366	903.501	1027.358	975.481	840.437	731.747	718.276	775.533	883.156	974.815	1035.341	1099.901	1179.621	1168.394	1113.085	1110.421	1151.475	1153.077	1113.104	1069.591	1063.529	921.388	890.589	1664.426	1615.997	1641.494	1749.079	2051.931	2059.211	1992.178	1853.624	1912.247	1766.261	1940.942	2091.807	2000.607	1751.219	1711.060	1780.652	1846.397	1846.763	1658.673	1878.942	1820.204	1857.214	1524.394	1712.791	1711.915	2008.621	2121.645	2029.208	1858.182	2165.482	2228.284	2209.540	2248.168	2104.618	1828.166	1614.780	1582.299	1728.720	1785.329	1908.539
686.729	1880.642	1980.261	1926.790	1824.419	1905.102	1816.769	1780.319	1820.260	1942.451	325.566	256.757	151.604	213.692	222.553	1664.590	0.000	175.307	269.812	116.430	115.250	227.510	266.240	350.276	363.484	382.244	448.518	424.846	210.222	143.683	1692.067	1549.655	1494.268	1618.811	1846.380	1801.654	1749.309	1744.518	1600.045	1696.895	1845.565	1866.304	1659.347	1563.300	1448.237	1397.006	1465.309	1502.153	1520.483	1651.983	1684.276	1699.281	1814.027	1886.436	1960.247	1974.097	1962.335	1961.857	1866.745	1904.821	1480.442	1362.974	1271.538	1210.923	1339.639	1253.903	1107.536	1152.439	1328.018	1392.603	1523.525	1511.989	1301.881	1387.952	1297.968	1096.604	1018.905	1077.784	1227.158	1412.730	1096.787	1310.507	1234.423	1127.270	914.868	1153.735	1372.846	1542.186	1640.395	1693.646	1607.728	1482.701	1345.162	1230.863	1179.440	1110.923	944.646	885.132	981.763	1836.946
787.348	1846.502	1942.518	1883.576	1781.223	1868.745	1777.277	1747.648	1791.443	1912.486	257.384	266.177	172.192	180.139	112.490	1630.044	175.307	0.000	107.218	62.146	143.668	95.248	96.812	185.246	243.169	278.548	367.632	420.478	266.720	214.050	1581.805	1438.602	1372.651	1487.150	1718.398	1665.233	1629.135	1627.107	1478.056	1566.841	1723.589	1756.027	1553.047	1457.307	1337.066	1275.844	1335.959	1368.133	1381.669	1509.819	1543.618	1562.902	1680.883	1752.594	1828.845	1846.144	1837.211	1837.177	1749.788	1791.758	1309.524	1192.094	1098.864	1035.835	1167.255	1083.750	938.302	977.738	1152.967	1218.295	1348.237	1337.979	1128.645	1213.864	1123.910	921.382	845.441	903.613	1053.640	1237.447	921.966	1135.209	1065.443	952.216	739.634	983.984	1202.223	1367.106	1466.654	1518.979	1435.501	1312.737	1182.448	1063.787	1004.296	937.570	771.079	710.180	807.172	1664.475
803.541	1773.473	1867.545	1806.257	1704.196	1794.614	1701.960	1675.624	1721.119	1841.244	203.222	263.408	207.069	176.238	85.015	1557.548	269.812	107.218	0.000	154.286	250.625	160.375	103.222	80.560	152.490	195.540	291.504	387.508	291.757	259.416	1480.122	1336.891	1268.440	1381.032	1612.742	1558.482	1525.011	1523.599	1373.667	1460.925	1619.027	1654.158	1452.496	1356.987	1235.478	1171.843	1230.286	1261.748	1274.766	1402.681	1436.554	1456.179	1574.494	1646.101	1722.639	1740.442	1731.991	1732.038	1646.288	1689.150	1210.715	1093.250	1002.617	947.153	1096.682	1019.058	876.460	899.259	1071.663	1125.763	1261.549	1261.697	1055.645	1120.668	1030.695	838.914	772.955	828.047	959.106	1150.761	842.984	1050.644	964.658	863.423	657.737	920.724	1135.961	1285.169	1372.427	1439.476	1364.605	1247.561	1130.914	1005.475	922.524	842.756	676.951	631.365	730.074	1567.742
736.962	1840.496	1937.918	1880.937	1778.476	1863.570	1773.159	1741.005	1783.453	1905.030	254.781	233.565	127.828	157.224	122.580	1623.945	116.430	62.146	154.286	0.000	120.434	141.076	158.397	234.839	265.759	293.395	373.709	397.546	220.159	161.016	1605.590	1462.597	1401.263	1520.469	1750.159	1700.904	1657.311	1654.054	1506.930	1599.466	1752.633	1779.952	1575.101	1479.136	1361.001	1304.149	1368.081	1402.477	1418.324	1548.189	1581.267	1598.498	1715.015	1787.090	1862.238	1877.959	1867.735	1867.501	1776.620	1816.913	1364.334	1246.866	1155.139	1095.051	1229.268	1145.896	1000.431	1039.012	1213.876	1276.272	1408.084	1399.595	1190.509	1271.575	1181.589	982.005	907.275	965.200	1110.732	1297.268	983.151	1195.494	1118.778	1011.365	800.256	1046.127	1264.362	1427.957	1523.976	1580.235	1497.523	1374.883	1243.975	1125.795	1065.078	994.494	828.226	771.274	868.550	1720.581
801.418	1957.887	2055.845	1999.572	1897.102	1981.293	1891.314	1858.158	1899.970	2021.753	375.000	340.062	229.193	273.450	240.819	1741.378	115.250	143.668	250.625	120.434	0.000	142.830	203.497	326.693	381.665	412.239	494.106	508.333	309.046	242.204	1722.307	1579.183	1515.121	1630.680	1861.710	1808.901	1771.499	1769.026	1620.626	1710.285	1866.241	1896.625	1692.617	1596.732	1477.596	1418.194	1479.301	1511.752	1525.315	1653.288	1687.178	1706.570	1824.498	1896.235	1972.399	1989.474	1980.271	1980.189	1891.678	1932.946	1438.808	1321.654	1225.204	1152.759	1260.606	1170.408	1023.017	1082.409	1259.955	1339.396	1461.264	1437.578	1225.333	1335.850	1246.221	1031.393	944.213	1005.424	1177.910	1350.894	1027.736	1246.420	1197.915	1069.752	850.788	1069.892	1289.867	1473.879	1589.368	1621.997	1527.664	1398.231	1251.571	1142.666	1112.819	1062.671	896.247	818.183	911.895	1790.308
877.729	1929.932	2024.839	1964.420	1862.236	1951.549	1859.356	1831.607	1876.309	1996.904	345.134	361.401	264.652	275.161	200.738	1713.712	227.510	95.248	160.375	141.076	142.830	0.000	72.088	217.617	312.329	353.548	447.500	514.446	358.851	301.935	1634.923	1491.762	1419.399	1526.177	1759.431	1699.838	1675.894	1675.677	1524.121	1606.807	1768.852	1808.622	1608.547	1513.318	1390.581	1323.353	1377.381	1405.796	1415.288	1539.951	1574.985	1597.875	1718.092	1789.043	1867.002	1886.854	1879.984	1880.264	1798.289	1842.582	1300.850	1183.992	1085.928	1010.663	1119.386	1030.676	883.636	939.654	1117.140	1198.112	1318.583	1295.394	1083.488	1194.822	1105.362	888.615	801.896	862.833	1037.807	1208.268	884.930	1103.661	1062.508	927.826	708.147	930.247	1149.984	1331.086	1448.415	1479.469	1386.842	1259.014	1117.933	1005.236	969.992	923.059	756.985	675.380	769.100	1650.384
876.285	1876.084	1969.829	1908.077	1806.104	1897.054	1804.212	1778.382	1824.055	1944.072	303.339	343.747	262.272	254.411	167.400	1660.266	266.240	96.812	103.222	158.397	203.497	72.088	0.000	147.622	254.141	298.345	394.624	483.179	355.718	307.967	1565.203	1422.108	1348.509	1454.370	1687.759	1627.792	1604.936	1605.018	1453.095	1535.062	1697.659	1738.730	1539.431	1444.382	1321.059	1252.623	1305.811	1333.912	1343.229	1467.870	1502.897	1525.845	1646.151	1717.059	1795.104	1815.141	1808.471	1808.786	1727.590	1772.306	1235.357	1118.239	1021.749	951.474	1073.445	988.532	842.668	887.234	1063.560	1136.862	1261.814	1246.000	1035.661	1133.093	1043.359	833.118	752.751	811.979	974.665	1151.189	831.833	1047.725	995.114	868.183	651.687	888.568	1107.253	1277.749	1386.509	1428.246	1341.575	1217.465	1085.675	967.546	915.428	859.293	692.822	620.675	716.466	1586.951
848.442	1744.042	1836.031	1772.487	1670.901	1764.058	1670.394	1647.371	1694.425	1813.437	219.980	310.834	275.618	231.626	149.132	1529.096	350.276	185.246	80.560	234.839	326.693	217.617	147.622	0.000	133.280	180.605	275.717	407.328	351.724	328.916	1417.662	1274.547	1201.834	1310.144	1542.879	1485.589	1458.352	1458.060	1306.620	1390.512	1551.471	1591.250	1391.809	1296.768	1173.469	1105.746	1160.619	1190.179	1201.382	1327.957	1362.311	1383.424	1502.762	1574.032	1651.367	1670.419	1663.043	1663.258	1580.676	1625.025	1130.454	1012.999	923.003	870.407	1029.154	955.254	815.011	827.737	998.294	1047.311	1185.392	1190.682	986.815	1041.980	952.049	765.389	705.357	758.393	880.044	1074.697	771.339	975.681	884.150	786.736	585.119	858.175	1070.875	1211.219	1293.304	1366.590	1296.400	1182.867	1075.038	945.712	849.177	763.674	598.281	560.675	659.911	1487.880
740.953	1622.068	1715.690	1654.032	1552.024	1642.947	1550.072	1524.514	1570.492	1690.295	104.905	224.930	239.572	174.697	143.617	1406.356	363.484	243.169	152.490	265.759	381.665	312.329	254.141	133.280	0.000	47.396	143.774	282.710	285.032	288.204	1340.677	1197.578	1135.539	1256.306	1485.128	1438.347	1391.554	1388.347	1241.223	1334.876	1486.927	1515.008	1311.013	1215.158	1095.985	1038.409	1103.354	1139.093	1157.000	1288.666	1320.827	1335.957	1451.261	1523.550	1597.961	1612.918	1602.281	1601.999	1510.932	1551.562	1156.076	1039.691	959.248	926.892	1114.318	1048.726	913.771	904.229	1067.371	1092.227	1242.153	1265.892	1069.155	1085.250	996.409	836.277	793.347	840.785	921.900	1132.612	848.110	1039.060	905.153	844.509	661.869	954.676	1161.089	1276.837	1331.482	1435.151	1378.532	1273.292	1180.631	1046.264	919.692	806.833	647.627	643.472	742.323	1517.651
706.924	1577.932	1672.087	1611.091	1508.968	1599.100	1506.519	1480.104	1525.710	1645.754	82.074	209.765	246.562	178.612	171.421	1362.017	382.244	278.548	195.540	293.395	412.239	353.548	298.345	180.605	47.396	0.000	97.005	242.237	276.298	290.548	1312.955	1170.113	1112.173	1237.247	1464.210	1421.327	1367.486	1363.217	1217.948	1314.993	1463.534	1487.317	1281.936	1185.940	1068.547	1014.919	1083.423	1121.341	1141.660	1274.845	1306.134	1319.054	1432.672	1505.212	1578.453	1591.907	1580.103	1579.640	1485.612	1524.836	1165.817	1050.204	973.394	948.069	1144.597	1081.931	949.025	932.177	1092.328	1108.865	1262.463	1292.488	1098.581	1101.343	1013.190	862.640	825.461	870.903	938.134	1153.592	876.359	1062.170	914.276	866.484	691.046	989.091	1192.986	1300.121	1345.147	1459.170	1407.322	1305.081	1217.722	1081.845	945.600	824.100	668.084	674.666	772.861	1528.000
658.828	1482.599	1577.340	1517.161	1414.917	1504.083	1411.860	1384.491	1429.723	1549.989	122.956	229.169	301.128	235.088	256.322	1266.495	448.518	367.632	291.504	373.709	494.106	447.500	394.624	275.717	143.774	97.005	0.000	187.525	301.549	334.772	1244.594	1102.594	1052.654	1185.620	1408.346	1373.100	1305.853	1299.589	1158.237	1261.514	1402.961	1418.670	1211.134	1115.106	1001.401	955.566	1030.699	1072.726	1097.714	1233.359	1262.819	1271.359	1381.368	1454.215	1525.041	1535.594	1521.596	1520.792	1421.369	1457.908	1172.600	1059.234	990.461	979.981	1195.006	1139.031	1011.205	978.521	1131.438	1130.302	1290.945	1334.350	1147.304	1121.681	1035.477	906.062	881.396	922.262	959.792	1183.952	923.690	1097.494	921.410	900.656	741.818	1049.236	1246.803	1334.809	1359.313	1494.953	1453.651	1358.329	1283.245	1144.275	987.516	848.845	701.129	729.819	825.790	1534.643
471.741	1455.816	1555.615	1502.931	1400.657	1480.375	1392.395	1355.475	1395.529	1517.681	187.886	169.160	279.735	241.804	316.699	1239.826	424.846	420.478	387.508	397.546	508.333	514.446	483.179	407.328	282.710	242.237	187.525	0.000	221.378	282.790	1331.785	1193.632	1161.439	1307.084	1520.237	1498.499	1407.345	1396.925	1265.247	1379.023	1505.727	1503.355	1292.734	1197.937	1094.906	1066.196	1152.155	1200.379	1232.162	1370.053	1396.640	1398.439	1501.598	1574.419	1640.537	1645.686	1627.554	1626.084	1516.199	1546.332	1353.508	1241.428	1175.636	1167.487	1379.809	1320.874	1189.897	1164.414	1318.706	1316.402	1478.135	1521.334	1332.635	1307.533	1221.852	1092.569	1063.622	1106.515	1146.125	1371.343	1109.269	1284.998	1103.199	1088.168	926.065	1229.276	1430.295	1522.334	1543.000	1682.470	1639.787	1542.120	1459.551	1322.867	1174.352	1035.823	888.636	912.221	1009.313	1714.788
520.969	1674.698	1775.153	1723.432	1621.244	1699.713	1612.428	1574.145	1613.126	1735.429	195.736	72.409	94.530	120.332	207.126	1459.103	210.222	266.720	291.757	220.159	309.046	358.851	355.718	351.724	285.032	276.298	301.549	221.378	0.000	67.330	1532.830	1392.368	1349.432	1485.864	1706.597	1674.091	1600.518	1592.583	1454.633	1561.027	1698.246	1705.959	1496.396	1400.791	1292.040	1252.714	1330.763	1373.801	1399.255	1534.877	1564.364	1572.493	1681.553	1754.448	1824.331	1833.458	1818.146	1817.116	1713.489	1747.130	1440.361	1324.231	1244.265	1208.677	1380.505	1306.855	1165.878	1176.654	1344.348	1376.695	1524.298	1539.610	1337.630	1369.899	1280.867	1111.857	1056.839	1108.951	1206.568	1414.277	1120.245	1318.604	1189.107	1125.715	933.506	1209.453	1422.599	1555.739	1616.507	1712.804	1647.376	1534.584	1422.478	1295.828	1195.659	1091.226	930.558	910.910	1010.294	1802.209
575.953	1738.299	1838.314	1785.694	1683.402	1763.017	1675.176	1637.865	1677.392	1799.636	217.069	118.237	53.331	113.592	179.785	1522.438	143.683	214.050	259.416	161.016	242.204	301.935	307.967	328.916	288.204	290.548	334.772	282.790	67.330	0.000	1576.501	1435.149	1387.387	1519.549	1743.055	1706.019	1640.254	1633.504	1492.939	1595.884	1737.513	1750.191	1541.480	1445.616	1334.281	1290.321	1364.821	1405.629	1428.510	1562.838	1593.380	1604.021	1715.287	1788.074	1859.462	1870.341	1856.337	1855.512	1755.013	1790.371	1441.533	1324.679	1240.708	1196.926	1355.860	1278.392	1135.402	1156.504	1327.148	1369.807	1512.409	1519.361	1314.430	1363.688	1274.107	1094.248	1032.045	1086.422	1200.712	1401.898	1100.124	1303.911	1191.352	1113.451	914.020	1179.890	1395.374	1539.889	1612.717	1695.487	1623.644	1506.954	1387.132	1263.786	1178.051	1084.664	921.422	889.096	988.153	1802.264
1600.308	867.503	884.228	801.629	753.453	857.808	786.625	838.402	891.832	939.409	1367.126	1462.660	1545.686	1479.463	1483.018	783.512	1692.067	1581.805	1480.122	1605.590	1722.307	1634.923	1565.203	1417.662	1340.677	1312.955	1244.594	1331.785	1532.830	1576.501	0.000	143.232	242.846	282.356	276.995	368.317	135.263	101.597	172.304	253.974	212.317	174.366	55.824	135.760	244.741	324.756	327.273	353.867	404.224	429.255	407.242	344.196	326.978	372.424	390.903	366.117	331.558	327.513	191.924	214.561	1016.425	1009.467	1075.548	1218.324	1511.876	1554.876	1537.298	1359.329	1353.938	1163.287	1313.854	1493.964	1466.583	1148.281	1140.022	1302.314	1409.101	1383.729	1113.190	1283.059	1345.878	1298.103	968.719	1215.134	1310.394	1536.881	1581.614	1409.779	1179.900	1519.136	1622.453	1645.106	1745.898	1618.479	1319.326	1118.962	1164.844	1341.737	1358.334	1181.923
1477.645	889.848	922.733	839.014	775.654	885.457	804.372	845.196	901.534	965.831	1224.963	1321.871	1403.721	1337.297	1340.019	772.696	1549.655	1438.602	1336.891	1462.597	1579.183	1491.762	1422.108	1274.547	1197.578	1170.113	1102.594	1193.632	1392.368	1435.149	143.232	0.000	132.589	255.578	360.193	407.944	224.081	206.301	134.352	271.181	321.001	317.447	124.284	57.506	101.597	191.688	227.824	275.517	337.112	407.074	397.961	347.886	381.144	443.082	483.730	472.195	445.319	442.617	322.722	355.317	940.349	919.382	975.352	1112.074	1410.819	1446.922	1420.639	1247.586	1255.492	1074.351	1233.955	1406.964	1363.807	1059.141	1042.073	1187.090	1288.569	1266.877	1008.693	1193.510	1230.475	1199.231	864.138	1102.254	1184.008	1422.951	1481.150	1328.349	1117.661	1447.287	1538.666	1550.706	1639.050	1507.723	1209.870	1004.355	1038.695	1213.942	1235.809	1144.173
1481.606	1015.603	1052.152	968.463	901.948	1012.615	929.274	966.325	1023.316	1092.373	1173.022	1277.696	1352.286	1284.733	1279.078	887.500	1494.268	1372.651	1268.440	1401.263	1515.121	1419.399	1348.509	1201.834	1135.539	1112.173	1052.654	1161.439	1349.432	1387.387	242.846	132.589	0.000	172.024	358.828	359.011	256.585	257.654	105.778	224.950	351.421	402.755	245.691	188.857	119.741	97.264	95.310	148.363	212.545	306.802	308.243	274.544	348.859	419.901	480.157	484.526	468.952	468.145	379.620	428.695	808.322	786.911	844.296	982.834	1280.236	1318.500	1296.449	1120.668	1124.253	941.864	1101.472	1274.445	1233.650	926.661	910.612	1061.946	1166.954	1142.742	878.798	1061.089	1105.457	1068.048	734.117	975.795	1067.563	1297.214	1350.453	1195.793	987.760	1315.411	1406.080	1418.891	1510.300	1380.482	1081.915	878.738	922.013	1099.021	1115.759	1021.965
1645.065	1135.283	1159.832	1076.521	1020.731	1128.398	1051.439	1096.207	1151.815	1209.611	1303.088	1413.587	1481.423	1413.326	1399.628	1027.310	1618.811	1487.150	1381.032	1520.469	1630.680	1526.177	1454.370	1310.144	1256.306	1237.247	1185.620	1307.084	1485.864	1519.549	282.356	255.578	172.024	0.000	235.351	193.335	204.632	229.471	124.332	81.923	267.311	383.490	316.707	309.035	287.724	249.977	155.217	121.870	140.221	153.016	142.728	102.561	195.751	268.602	341.782	361.432	359.517	360.941	324.166	388.027	739.979	743.329	819.653	968.802	1252.912	1304.695	1302.035	1116.867	1093.062	894.608	1038.040	1221.966	1210.006	879.897	880.566	1066.854	1183.408	1150.455	862.552	1014.054	1110.207	1038.151	720.805	976.511	1101.214	1296.514	1321.560	1134.490	898.180	1239.286	1347.925	1378.534	1492.982	1372.126	1073.531	885.218	957.764	1136.257	1138.054	902.264
1831.433	1118.758	1121.675	1041.968	1006.895	1105.176	1042.458	1100.118	1151.199	1186.359	1527.612	1634.645	1706.613	1638.747	1628.695	1053.880	1846.380	1718.398	1612.742	1750.159	1861.710	1759.431	1687.759	1542.879	1485.128	1464.210	1408.346	1520.237	1706.597	1743.055	276.995	360.193	358.828	235.351	0.000	137.844	143.725	175.403	256.535	153.524	87.131	249.388	332.511	388.390	441.510	454.400	382.457	357.218	365.233	293.635	254.814	195.900	85.332	97.803	124.210	127.800	125.184	127.400	159.969	222.888	908.933	933.661	1021.315	1174.403	1445.650	1506.422	1515.384	1326.640	1285.045	1077.726	1202.874	1393.975	1405.952	1063.795	1077.238	1281.842	1402.966	1366.092	1068.599	1194.671	1324.695	1231.970	931.503	1190.345	1328.046	1506.415	1512.328	1299.460	1037.545	1386.300	1512.577	1559.334	1690.691	1576.795	1281.122	1103.033	1186.096	1364.080	1360.439	996.754
1837.929	1231.963	1241.476	1160.357	1118.624	1220.442	1152.773	1206.266	1259.206	1301.993	1489.126	1601.718	1666.667	1598.479	1581.084	1151.216	1801.654	1665.233	1558.482	1700.904	1808.901	1699.838	1627.792	1485.589	1438.347	1421.327	1373.100	1498.499	1674.091	1706.019	368.317	407.944	359.011	193.335	137.844	0.000	237.334	273.634	278.442	138.409	220.743	381.713	419.497	450.362	465.951	442.845	346.685	300.407	284.685	176.828	136.535	102.409	52.732	95.370	180.099	221.719	242.017	246.629	294.891	359.663	777.780	809.323	901.647	1055.994	1319.834	1384.548	1400.664	1210.112	1159.449	949.762	1069.532	1261.746	1281.619	936.169	954.687	1169.298	1293.855	1253.694	951.098	1065.381	1211.560	1107.353	818.154	1077.374	1227.647	1389.311	1385.552	1165.900	900.872	1249.865	1378.550	1429.090	1566.406	1456.304	1163.392	993.892	1088.710	1264.983	1254.379	859.458
1701.503	994.636	1005.392	923.864	881.297	983.268	915.530	969.717	1022.299	1064.842	1426.959	1529.185	1606.244	1538.945	1535.018	917.779	1749.309	1629.135	1525.011	1657.311	1771.499	1675.894	1604.936	1458.352	1391.554	1367.486	1305.853	1407.345	1600.518	1640.254	135.263	224.081	256.585	204.632	143.725	237.334	0.000	36.303	152.048	145.414	98.557	179.050	189.964	246.331	314.800	353.307	310.722	310.798	343.725	328.902	299.501	232.926	193.030	237.500	263.241	248.151	222.249	220.029	126.828	185.864	940.597	947.617	1024.157	1172.800	1457.531	1508.950	1503.849	1319.925	1297.638	1098.290	1238.483	1424.256	1414.625	1083.661	1085.198	1268.413	1382.669	1351.626	1066.594	1217.539	1311.878	1242.767	924.265	1178.631	1295.088	1499.357	1526.137	1335.148	1090.368	1435.141	1548.820	1582.336	1697.494	1575.971	1277.099	1086.010	1150.418	1328.923	1335.651	1075.087
1683.051	958.334	969.278	887.683	845.004	946.978	879.265	933.621	986.118	1028.556	1421.212	1521.551	1600.409	1533.380	1531.602	882.366	1744.518	1627.107	1523.599	1654.054	1769.026	1675.677	1605.018	1458.060	1388.347	1363.217	1299.589	1396.925	1592.583	1633.504	101.597	206.301	257.654	229.471	175.403	273.634	36.303	0.000	157.747	177.374	116.560	156.448	157.150	221.452	302.116	352.439	321.206	328.307	366.116	360.619	332.621	266.424	229.000	271.073	291.012	270.567	240.253	237.159	122.691	172.647	968.543	972.518	1046.779	1194.232	1481.205	1530.740	1522.714	1340.061	1321.643	1124.057	1266.583	1451.272	1437.732	1109.331	1108.677	1287.197	1399.757	1370.055	1088.158	1243.522	1330.726	1266.511	945.125	1197.946	1309.363	1519.183	1550.104	1363.151	1121.228	1465.092	1576.719	1607.939	1719.953	1597.010	1297.861	1104.365	1164.311	1342.609	1351.785	1109.032
1576.789	1011.492	1037.693	954.223	896.951	1005.023	927.399	971.877	1027.507	1086.119	1278.718	1382.976	1457.991	1390.463	1384.777	903.501	1600.045	1478.056	1373.667	1506.930	1620.626	1524.121	1453.095	1306.620	1241.223	1217.948	1158.237	1265.247	1454.633	1492.939	172.304	134.352	105.778	124.332	256.535	278.442	152.048	157.747	0.000	140.086	245.704	310.388	197.307	185.468	190.013	203.040	164.328	181.989	232.413	277.338	265.017	213.534	258.181	325.842	379.657	380.503	363.523	362.589	277.241	330.394	844.934	837.240	904.576	1048.796	1340.702	1385.530	1372.003	1191.733	1182.388	990.992	1142.059	1321.692	1295.812	975.991	968.547	1136.600	1246.643	1218.813	943.274	1110.765	1180.178	1126.659	799.122	1048.352	1153.480	1370.083	1410.289	1237.856	1011.791	1348.805	1450.374	1472.982	1576.042	1450.131	1150.813	953.349	1008.213	1186.291	1197.594	1024.187
1706.534	1120.802	1138.071	1055.563	1006.549	1111.579	1039.120	1088.628	1142.932	1193.159	1379.796	1488.862	1558.463	1490.449	1478.332	1027.358	1696.895	1566.841	1460.925	1599.466	1710.285	1606.807	1535.062	1390.512	1334.876	1314.993	1261.514	1379.023	1561.027	1595.884	253.974	271.181	224.950	81.923	153.524	138.409	145.414	177.374	140.086	0.000	190.110	321.627	298.972	316.573	327.970	314.585	231.587	203.767	216.994	183.522	155.620	90.518	124.109	196.072	263.604	280.157	277.607	279.080	252.802	318.800	797.215	808.784	889.619	1040.485	1320.259	1375.332	1376.812	1190.234	1159.920	957.775	1094.781	1281.737	1278.464	943.317	948.783	1142.059	1260.311	1225.951	934.243	1076.577	1185.265	1105.597	793.996	1051.220	1180.612	1370.065	1388.273	1191.514	944.968	1289.990	1405.237	1441.720	1562.335	1443.867	1146.066	961.292	1037.629	1216.001	1215.928	932.451
1798.598	1034.390	1035.578	956.236	923.108	1020.218	959.095	1018.141	1068.492	1101.245	1523.793	1626.815	1703.084	1635.662	1630.480	975.481	1845.565	1723.589	1619.027	1752.633	1866.241	1768.852	1697.659	1551.471	1486.927	1463.534	1402.961	1505.727	1698.246	1737.513	212.317	321.001	351.421	267.311	87.131	220.743	98.557	116.560	245.704	190.110	0.000	162.398	267.790	337.961	413.275	448.639	395.882	384.963	406.327	358.894	322.776	258.265	168.244	181.874	180.485	154.365	124.318	121.740	74.151	139.811	977.832	995.603	1078.685	1230.096	1507.660	1564.455	1566.921	1380.222	1347.139	1142.724	1273.811	1463.218	1466.550	1128.484	1136.984	1332.153	1450.054	1416.023	1123.892	1260.800	1375.368	1293.223	984.012	1241.329	1368.443	1560.069	1575.219	1370.559	1113.982	1461.940	1584.108	1625.978	1750.784	1633.400	1335.887	1151.254	1224.797	1403.338	1405.182	1079.908
1758.457	882.517	878.272	800.268	773.301	866.595	810.407	873.167	921.298	946.992	1541.269	1636.018	1719.722	1653.601	1657.379	840.437	1866.304	1756.027	1654.158	1779.952	1896.625	1808.622	1738.730	1591.250	1515.008	1487.317	1418.670	1503.355	1705.959	1750.191	174.366	317.447	402.755	383.490	249.388	381.713	179.050	156.448	310.388	321.627	162.398	0.000	210.949	305.466	419.029	492.257	474.711	484.701	521.774	503.341	470.881	404.226	329.724	341.299	320.001	274.479	229.946	223.677	90.568	52.939	1118.702	1126.656	1202.517	1350.434	1636.356	1686.849	1679.108	1496.493	1476.549	1277.298	1416.374	1602.839	1593.239	1262.682	1263.938	1443.590	1555.725	1526.389	1244.315	1396.503	1487.125	1421.604	1101.445	1354.387	1463.858	1675.631	1705.046	1513.096	1264.505	1610.722	1726.812	1761.353	1875.806	1753.325	1454.218	1260.704	1318.601	1496.661	1507.360	1238.876
1551.953	822.465	843.539	760.397	708.067	814.077	740.291	789.851	843.994	895.549	1333.947	1426.769	1511.918	1446.211	1452.629	731.747	1659.347	1553.047	1452.496	1575.101	1692.617	1608.547	1539.431	1391.809	1311.013	1281.936	1211.134	1292.734	1496.396	1541.480	55.824	124.284	245.691	316.707	332.511	419.497	189.964	157.150	197.307	298.972	267.790	210.949	0.000	96.050	220.232	315.571	337.089	372.844	428.150	467.571	448.663	387.899	379.971	427.445	446.697	421.216	385.791	381.536	242.792	256.824	1040.070	1027.182	1088.553	1228.312	1524.822	1564.136	1541.324	1366.302	1368.096	1181.739	1336.367	1513.601	1478.608	1166.622	1154.221	1307.144	1410.503	1387.569	1124.019	1301.370	1350.619	1312.002	979.326	1221.340	1307.463	1542.623	1594.905	1431.748	1209.011	1545.058	1643.585	1661.435	1755.861	1626.158	1327.602	1124.052	1162.057	1337.681	1358.317	1218.956
1465.399	832.630	865.234	781.514	718.376	828.059	747.314	788.933	845.088	908.495	1237.910	1331.045	1415.917	1350.179	1356.679	718.276	1563.300	1457.307	1356.987	1479.136	1596.732	1513.318	1444.382	1296.768	1215.158	1185.940	1115.106	1197.937	1400.791	1445.616	135.760	57.506	188.857	309.035	388.390	450.362	246.331	221.452	185.468	316.573	337.961	305.466	96.050	0.000	129.796	237.405	284.150	332.985	394.601	461.509	450.479	397.594	419.197	476.768	509.552	491.989	460.995	457.541	326.897	349.098	997.134	974.662	1028.770	1163.879	1463.640	1497.950	1468.780	1297.630	1308.993	1129.649	1290.243	1462.323	1416.259	1114.422	1095.874	1236.003	1335.225	1315.088	1061.076	1248.629	1279.273	1252.691	916.721	1152.090	1227.835	1472.098	1534.060	1384.433	1175.071	1504.173	1594.390	1604.810	1690.268	1557.863	1260.665	1053.738	1082.873	1256.900	1281.598	1201.240
1390.002	913.747	957.068	873.795	801.388	913.018	826.544	859.098	916.559	991.472	1123.674	1221.353	1302.521	1236.000	1238.423	775.533	1448.237	1337.066	1235.478	1361.001	1477.596	1390.581	1321.059	1173.469	1095.985	1068.547	1001.401	1094.906	1292.040	1334.281	244.741	101.597	119.741	287.724	441.510	465.951	314.800	302.116	190.013	327.970	413.275	419.029	220.232	129.796	0.000	118.057	199.475	262.052	326.819	426.522	426.969	389.136	448.149	515.603	565.671	560.242	536.955	534.824	421.654	456.597	901.560	869.086	915.806	1046.331	1348.148	1378.334	1344.671	1176.435	1195.670	1023.624	1189.532	1355.863	1299.873	1008.363	983.956	1113.120	1209.549	1191.183	945.130	1141.451	1156.183	1139.340	801.702	1030.733	1099.961	1349.336	1418.723	1282.137	1088.187	1408.085	1489.600	1493.030	1570.867	1436.589	1140.862	931.800	955.309	1128.518	1155.148	1133.211
1395.140	1028.405	1073.910	990.794	916.745	1028.583	940.936	970.797	1028.475	1106.443	1075.822	1180.902	1255.076	1187.502	1181.927	883.156	1397.006	1275.844	1171.843	1304.149	1418.194	1323.353	1252.623	1105.746	1038.409	1014.919	955.566	1066.196	1252.714	1290.321	324.756	191.688	97.264	249.977	454.400	442.845	353.307	352.439	203.040	314.585	448.639	492.257	315.571	237.405	118.057	0.000	111.651	178.125	238.864	360.612	371.299	350.347	438.468	510.656	574.385	580.817	566.044	565.306	474.968	521.507	786.403	751.461	797.830	929.229	1230.591	1262.069	1231.381	1060.941	1077.765	905.867	1072.630	1237.983	1182.507	890.606	865.925	998.758	1098.022	1077.697	827.586	1023.540	1041.990	1021.431	683.940	915.307	992.357	1234.904	1301.146	1164.868	975.926	1292.208	1371.884	1375.025	1454.535	1321.178	1024.638	816.723	847.085	1022.256	1044.748	1030.164
1496.610	1108.215	1146.437	1062.785	994.898	1105.893	1021.547	1056.707	1113.958	1185.316	1148.534	1258.506	1327.074	1259.028	1246.841	974.815	1465.309	1335.959	1230.286	1368.081	1479.301	1377.381	1305.811	1160.619	1103.354	1083.423	1030.699	1152.155	1330.763	1364.821	327.273	227.824	95.310	155.217	382.457	346.685	310.722	321.206	164.328	231.587	395.882	474.711	337.089	284.150	199.475	111.651	0.000	66.791	129.716	249.365	262.138	248.617	350.794	423.699	495.054	510.186	502.736	503.186	437.531	493.569	713.135	692.114	751.465	891.968	1187.744	1228.245	1210.344	1032.084	1031.074	847.018	1006.167	1179.515	1141.638	831.829	817.244	975.212	1083.476	1056.882	787.302	966.356	1018.786	974.954	642.642	887.865	989.180	1209.622	1257.817	1100.525	893.847	1220.268	1310.941	1324.963	1419.622	1291.362	992.313	791.854	843.893	1021.965	1033.865	933.782
1554.348	1163.400	1198.180	1114.461	1049.562	1159.941	1077.255	1114.686	1171.665	1239.944	1188.762	1301.417	1366.437	1298.260	1282.128	1035.341	1502.153	1368.133	1261.748	1402.477	1511.752	1405.796	1333.912	1190.179	1139.093	1121.341	1072.726	1200.379	1373.801	1405.629	353.867	275.517	148.363	121.870	357.218	300.407	310.798	328.307	181.989	203.767	384.963	484.701	372.844	332.985	262.052	178.125	66.791	0.000	64.785	184.875	201.504	198.723	312.751	384.617	461.220	483.023	481.281	482.607	435.919	496.652	667.776	655.747	722.748	867.814	1158.771	1204.557	1194.411	1012.231	1000.400	809.842	963.589	1141.182	1114.027	794.789	786.566	958.893	1072.004	1041.764	762.062	929.585	1002.425	944.680	618.251	869.744	985.064	1191.139	1228.324	1058.908	842.210	1173.813	1270.790	1291.250	1394.705	1269.867	970.567	776.074	840.805	1019.385	1024.857	873.671
1597.723	1226.347	1259.645	1175.934	1112.343	1222.434	1140.426	1178.612	1235.498	1302.648	1211.442	1326.859	1387.779	1319.591	1299.185	1099.901	1520.483	1381.669	1274.766	1418.324	1525.315	1415.288	1343.229	1201.382	1157.000	1141.660	1097.714	1232.162	1399.255	1428.510	404.224	337.112	212.545	140.221	365.233	284.685	343.725	366.116	232.413	216.994	406.327	521.774	428.150	394.601	326.819	238.864	129.716	64.785	0.000	138.607	165.128	183.396	307.571	375.864	457.156	486.079	490.394	492.594	464.388	528.078	612.528	607.651	680.753	829.080	1115.146	1165.249	1161.829	976.717	955.733	760.456	909.690	1090.171	1071.622	745.561	742.598	926.682	1043.745	1010.332	722.870	880.185	970.020	900.494	580.748	836.295	963.865	1156.332	1184.145	1005.562	782.289	1116.913	1218.252	1243.596	1354.032	1232.295	933.540	745.209	821.264	999.482	998.996	809.482
1735.619	1287.959	1311.103	1227.963	1173.408	1280.739	1204.306	1249.213	1304.831	1362.037	1345.854	1462.521	1521.285	1453.154	1430.070	1179.621	1651.983	1509.819	1402.681	1548.189	1653.288	1539.951	1467.870	1327.957	1288.666	1274.845	1233.359	1370.053	1534.877	1562.838	429.255	407.074	306.802	153.016	293.635	176.828	328.902	360.619	277.338	183.522	358.894	503.341	467.571	461.509	426.522	360.612	249.365	184.875	138.607	0.000	40.394	100.653	216.479	272.129	356.913	396.908	412.278	416.051	428.559	495.560	618.959	640.032	728.576	882.274	1152.074	1213.164	1225.466	1035.550	991.463	784.878	915.322	1104.331	1112.324	770.810	783.745	993.363	1117.305	1077.754	776.851	902.449	1035.799	938.336	642.232	901.510	1051.089	1215.072	1218.899	1012.093	761.666	1107.384	1225.746	1267.506	1397.075	1283.962	989.370	817.263	912.711	1088.579	1077.572	752.670
1755.822	1270.895	1291.157	1208.325	1156.415	1262.740	1188.069	1234.917	1290.039	1344.206	1376.322	1491.970	1552.393	1484.219	1462.650	1168.394	1684.276	1543.618	1436.554	1581.267	1687.178	1574.985	1502.897	1362.311	1320.827	1306.134	1262.819	1396.640	1564.364	1593.380	407.242	397.961	308.243	142.728	254.814	136.535	299.501	332.621	265.017	155.620	322.776	470.881	448.663	450.479	426.969	371.299	262.138	201.504	165.128	40.394	0.000	66.813	176.416	231.882	316.635	356.549	372.357	376.223	393.653	460.693	655.531	679.065	768.432	922.272	1190.917	1252.748	1265.725	1075.704	1030.323	822.990	951.071	1140.908	1151.478	809.023	823.180	1033.715	1157.699	1118.107	816.935	940.177	1076.131	977.401	682.575	941.852	1091.194	1255.180	1257.521	1047.809	793.705	1140.560	1261.338	1305.054	1436.271	1323.735	1029.430	857.655	952.559	1128.608	1117.925	776.838
1744.267	1210.271	1228.407	1145.822	1095.923	1201.398	1128.168	1176.649	1231.294	1282.950	1387.081	1500.104	1564.493	1496.299	1478.679	1113.085	1699.281	1562.902	1456.179	1598.498	1706.570	1597.875	1525.845	1383.424	1335.957	1319.054	1271.359	1398.439	1572.493	1604.021	344.196	347.886	274.544	102.561	195.900	102.409	232.926	266.424	213.534	90.518	258.265	404.226	387.899	397.594	389.136	350.347	248.617	198.723	183.396	100.653	66.813	0.000	126.190	192.535	274.684	307.605	317.953	321.168	328.049	395.076	719.611	739.147	825.559	978.522	1251.332	1310.860	1319.689	1130.769	1090.727	884.987	1015.910	1204.979	1211.065	870.843	881.991	1086.424	1208.382	1170.726	872.701	1002.788	1129.188	1037.282	735.829	994.825	1136.691	1310.531	1318.444	1112.677	860.284	1206.845	1326.309	1367.910	1495.686	1381.021	1085.222	908.292	996.096	1173.366	1166.797	842.634
1830.452	1186.026	1193.462	1112.750	1073.096	1173.843	1107.720	1162.599	1214.963	1255.312	1498.791	1609.289	1677.056	1608.943	1594.453	1110.421	1814.027	1680.883	1574.494	1715.015	1824.498	1718.092	1646.151	1502.762	1451.261	1432.672	1381.368	1501.598	1681.553	1715.287	326.978	381.144	348.859	195.751	85.332	52.732	193.030	229.000	258.181	124.109	168.244	329.724	379.971	419.197	448.149	438.468	350.794	312.751	307.571	216.479	176.416	126.190	0.000	72.921	149.718	181.809	196.003	200.003	242.360	306.952	826.391	854.627	944.828	1098.686	1366.010	1428.928	1441.847	1252.027	1205.485	996.859	1119.317	1310.988	1327.100	983.099	999.230	1209.421	1332.531	1293.794	993.319	1113.149	1251.966	1152.916	858.384	1117.635	1262.511	1431.548	1432.188	1215.807	952.490	1301.348	1428.715	1477.377	1611.922	1500.076	1205.827	1032.395	1122.171	1299.313	1291.705	912.176
1901.050	1215.889	1217.369	1138.107	1104.260	1201.968	1139.960	1197.873	1248.856	1283.045	1571.534	1682.178	1749.732	1681.608	1666.669	1151.475	1886.436	1752.594	1646.101	1787.090	1896.235	1789.043	1717.059	1574.032	1523.550	1505.212	1454.215	1574.419	1754.448	1788.074	372.424	443.082	419.901	268.602	97.803	95.370	237.500	271.073	325.842	196.072	181.874	341.299	427.445	476.768	515.603	510.656	423.699	384.617	375.864	272.129	231.882	192.535	72.921	0.000	84.816	130.677	158.942	164.634	250.741	308.374	864.668	900.699	994.693	1149.279	1409.894	1476.446	1494.681	1303.799	1249.764	1038.878	1153.424	1346.760	1372.490	1025.531	1046.649	1263.807	1388.788	1348.195	1044.710	1153.378	1305.953	1198.226	912.725	1171.853	1323.016	1482.769	1474.999	1249.367	978.574	1327.697	1461.111	1515.937	1657.129	1548.688	1256.795	1088.907	1184.004	1360.340	1349.582	922.827
1955.505	1202.514	1196.717	1119.558	1093.053	1186.498	1129.935	1191.496	1240.466	1266.756	1643.400	1752.211	1822.058	1754.036	1741.331	1153.077	1960.247	1828.845	1722.639	1862.238	1972.399	1867.002	1795.104	1651.367	1597.961	1578.453	1525.041	1640.537	1824.331	1859.462	390.903	483.730	480.157	341.782	124.210	180.099	263.241	291.012	379.657	263.604	180.485	320.001	446.697	509.552	565.671	574.385	495.054	461.220	457.156	356.913	316.635	274.684	149.718	84.816	0.000	57.742	99.784	106.604	232.917	277.517	945.063	983.765	1078.649	1233.338	1491.979	1559.665	1579.087	1388.050	1332.059	1120.519	1231.560	1425.512	1455.097	1107.331	1129.997	1348.443	1473.566	1432.825	1128.949	1234.240	1390.540	1280.883	997.398	1256.480	1407.660	1566.887	1556.669	1327.127	1052.722	1401.410	1538.079	1595.855	1739.584	1632.188	1340.903	1173.706	1268.423	1444.913	1434.397	986.977
1949.171	1155.614	1146.983	1070.713	1047.239	1138.767	1084.567	1147.646	1195.639	1218.599	1655.065	1761.580	1834.119	1766.287	1756.489	1113.104	1974.097	1846.144	1740.442	1877.959	1989.474	1886.854	1815.141	1670.419	1612.918	1591.907	1535.594	1645.686	1833.458	1870.341	366.117	472.195	484.526	361.432	127.800	221.719	248.151	270.567	380.503	280.157	154.365	274.479	421.216	491.989	560.242	580.817	510.186	483.023	486.079	396.908	356.549	307.605	181.809	130.677	57.742	0.000	45.579	52.349	192.211	228.491	995.343	1030.526	1123.365	1277.702	1540.252	1606.030	1622.088	1431.720	1380.040	1169.413	1283.736	1477.242	1502.579	1156.021	1176.171	1390.263	1513.963	1474.655	1172.746	1284.037	1432.664	1328.303	1039.120	1298.396	1444.248	1610.982	1605.500	1379.572	1107.113	1456.043	1591.052	1646.598	1787.288	1677.942	1385.080	1213.847	1303.673	1480.969	1473.429	1044.073
1922.900	1110.314	1101.410	1025.188	1002.141	1093.352	1039.555	1102.974	1150.730	1173.132	1641.818	1746.499	1821.048	1753.408	1745.898	1069.591	1962.335	1837.211	1731.991	1867.735	1980.271	1879.984	1808.471	1663.043	1602.281	1580.103	1521.596	1627.554	1818.146	1856.337	331.558	445.319	468.952	359.517	125.184	242.017	222.249	240.253	363.523	277.607	124.318	229.946	385.791	460.995	536.955	566.044	502.736	481.281	490.394	412.278	372.357	317.953	196.003	158.942	99.784	45.579	0.000	6.865	150.441	183.149	1019.624	1050.419	1140.789	1294.552	1561.491	1624.918	1637.143	1447.654	1401.028	1191.720	1310.351	1503.098	1522.871	1178.088	1195.193	1404.224	1526.313	1488.553	1189.085	1307.394	1446.913	1348.650	1053.415	1312.552	1452.796	1627.258	1627.403	1406.519	1137.302	1486.458	1618.691	1670.993	1807.692	1696.072	1401.619	1226.237	1311.066	1488.959	1484.404	1080.056
1920.072	1103.740	1094.678	1018.504	995.643	1086.728	1033.086	1096.608	1144.292	1166.482	1641.125	1745.509	1820.372	1752.766	1745.613	1063.529	1961.857	1837.177	1732.038	1867.501	1980.189	1880.264	1808.786	1663.258	1601.999	1579.640	1520.792	1626.084	1817.116	1855.512	327.513	442.617	468.145	360.941	127.400	246.629	220.029	237.159	362.589	279.080	121.740	223.677	381.536	457.541	534.824	565.306	503.186	482.607	492.594	416.051	376.223	321.168	200.003	164.634	106.604	52.349	6.865	0.000	145.023	176.588	1024.362	1054.586	1144.617	1298.289	1565.796	1628.908	1640.613	1451.256	1405.308	1196.188	1315.360	1508.002	1527.053	1182.526	1199.230	1407.559	1529.417	1491.873	1192.762	1311.989	1450.284	1352.850	1056.831	1315.921	1455.372	1630.896	1631.792	1411.565	1142.760	1491.927	1623.814	1675.703	1811.876	1699.956	1405.306	1229.371	1313.490	1491.453	1487.319	1086.182
1792.135	970.701	968.238	889.830	860.634	955.403	897.317	958.581	1007.669	1036.041	1543.165	1642.640	1722.305	1655.383	1654.149	921.388	1866.745	1749.788	1646.288	1776.620	1891.678	1798.289	1727.590	1580.676	1510.932	1485.612	1421.369	1516.199	1713.489	1755.013	191.924	322.722	379.620	324.166	159.969	294.891	126.828	122.691	277.241	252.802	74.151	90.568	242.792	326.897	421.654	474.968	437.531	435.919	464.388	428.559	393.653	328.049	242.360	250.741	232.917	192.211	150.441	145.023	0.000	67.043	1047.189	1061.520	1142.001	1292.228	1573.061	1627.578	1626.176	1440.922	1412.716	1210.020	1343.870	1532.385	1531.204	1195.638	1201.520	1390.945	1506.682	1474.466	1185.959	1328.558	1434.321	1358.395	1044.761	1300.670	1420.892	1620.615	1641.054	1440.642	1186.374	1533.927	1654.303	1693.771	1814.955	1695.636	1397.341	1209.083	1276.422	1454.974	1460.385	1154.017
1807.551	927.164	919.285	842.496	819.125	910.286	856.653	920.708	967.982	990.181	1580.249	1676.832	1759.036	1692.579	1694.341	890.589	1904.821	1791.758	1689.150	1816.913	1932.946	1842.582	1772.306	1625.025	1551.562	1524.836	1457.908	1546.332	1747.130	1790.371	214.561	355.317	428.695	388.027	222.888	359.663	185.864	172.647	330.394	318.800	139.811	52.939	256.824	349.098	456.597	521.507	493.569	496.652	528.078	495.560	460.693	395.076	306.952	308.374	277.517	228.491	183.149	176.588	67.043	0.000	1114.085	1127.557	1207.078	1356.771	1638.835	1692.459	1689.298	1504.782	1478.574	1276.444	1410.851	1599.226	1596.710	1262.024	1267.046	1453.920	1568.519	1537.238	1250.509	1395.094	1497.358	1424.120	1108.807	1363.947	1480.506	1684.356	1706.973	1507.624	1253.266	1600.908	1721.294	1760.289	1880.237	1760.126	1461.555	1271.673	1335.673	1514.105	1521.491	1219.121
1806.461	1814.777	1857.926	1774.434	1702.843	1814.548	1727.334	1756.095	1813.875	1892.741	1247.841	1375.578	1390.055	1329.395	1270.480	1664.426	1480.442	1309.524	1210.715	1364.334	1438.808	1300.850	1235.357	1130.454	1156.076	1165.817	1172.600	1353.508	1440.361	1441.533	1016.425	940.349	808.322	739.979	908.933	777.780	940.597	968.543	844.934	797.215	977.832	1118.702	1040.070	997.134	901.560	786.403	713.135	667.776	612.528	618.959	655.531	719.611	826.391	864.668	945.063	995.343	1019.624	1024.362	1047.189	1114.085	0.000	117.469	219.646	347.857	551.924	631.787	685.595	497.396	395.578	181.623	298.068	485.399	520.281	170.924	228.752	489.729	623.334	564.906	274.358	289.552	522.282	350.446	251.668	409.918	628.830	661.118	613.919	394.610	206.910	507.182	608.232	651.395	800.941	708.125	446.893	381.335	544.778	669.148	610.178	362.355
1697.707	1775.944	1824.953	1742.012	1665.795	1777.799	1688.199	1712.263	1770.087	1854.428	1132.266	1259.912	1273.086	1212.722	1153.223	1615.997	1362.974	1192.094	1093.250	1246.866	1321.654	1183.992	1118.239	1012.999	1039.691	1050.204	1059.234	1241.428	1324.231	1324.679	1009.467	919.382	786.911	743.329	933.661	809.323	947.617	972.518	837.240	808.784	995.603	1126.656	1027.182	974.662	869.086	751.461	692.114	655.747	607.651	640.032	679.065	739.147	854.627	900.699	983.765	1030.526	1050.419	1054.586	1061.520	1127.557	117.469	0.000	112.021	259.783	512.193	575.940	607.931	415.676	351.601	154.987	325.000	487.668	472.473	139.764	147.117	394.852	528.876	474.969	169.135	274.268	431.550	298.336	138.393	308.672	519.793	589.502	579.633	414.310	304.486	551.296	620.559	635.978	757.295	649.068	365.928	267.643	428.802	560.448	508.843	477.980
1638.781	1810.339	1864.714	1782.573	1702.318	1814.180	1722.634	1742.006	1799.653	1889.053	1055.316	1182.189	1188.411	1130.134	1066.285	1641.494	1271.538	1098.864	1002.617	1155.139	1225.204	1085.928	1021.749	923.003	959.248	973.394	990.461	1175.636	1244.265	1240.708	1075.548	975.352	844.296	819.653	1021.315	901.647	1024.157	1046.779	904.576	889.619	1078.685	1202.517	1088.553	1028.770	915.806	797.830	751.465	722.748	680.753	728.576	768.432	825.559	944.828	994.693	1078.649	1123.365	1140.789	1144.617	1142.001	1207.078	219.646	112.021	0.000	154.941	436.398	485.771	503.297	310.899	280.229	145.984	324.688	450.612	391.297	134.595	69.573	284.060	417.743	365.491	57.127	240.635	322.033	223.921	117.108	196.749	409.750	488.481	506.364	398.448	372.263	551.258	587.381	577.267	673.337	555.480	262.626	163.130	328.993	450.240	396.823	565.620
1637.744	1925.806	1984.921	1903.724	1820.100	1931.470	1838.431	1853.310	1910.581	2004.494	1028.276	1151.806	1143.735	1090.591	1018.296	1749.079	1210.923	1035.835	947.153	1095.051	1152.759	1010.663	951.474	870.407	926.892	948.069	979.981	1167.487	1208.677	1196.926	1218.324	1112.074	982.834	968.802	1174.403	1055.994	1172.800	1194.232	1048.796	1040.485	1230.096	1350.434	1228.312	1163.879	1046.331	929.229	891.968	867.814	829.080	882.274	922.272	978.522	1098.686	1149.279	1233.338	1277.702	1294.552	1298.289	1292.228	1356.771	347.857	259.783	154.941	0.000	304.181	336.751	348.874	156.349	169.465	194.583	315.659	371.278	254.286	195.568	119.121	143.187	275.716	217.356	106.270	205.721	174.481	122.069	249.679	83.735	305.675	333.600	374.629	355.392	444.086	515.917	504.288	461.050	527.655	403.412	107.685	145.344	280.043	342.877	268.415	653.204
1850.486	2229.843	2289.084	2207.840	2124.270	2235.618	2142.505	2156.846	2214.033	2308.519	1219.155	1333.450	1303.019	1260.181	1177.097	2051.931	1339.639	1167.255	1096.682	1229.268	1260.606	1119.386	1073.445	1029.154	1114.318	1144.597	1195.006	1379.809	1380.505	1355.860	1511.876	1410.819	1280.236	1252.912	1445.650	1319.834	1457.531	1481.205	1340.702	1320.259	1507.660	1636.356	1524.822	1463.640	1348.148	1230.591	1187.744	1158.771	1115.146	1152.074	1190.917	1251.332	1366.010	1409.894	1491.979	1540.252	1561.491	1565.796	1573.061	1638.835	551.924	512.193	436.398	304.181	0.000	111.554	248.073	220.620	160.613	372.100	321.135	189.922	52.302	384.862	372.559	297.705	323.864	273.695	403.019	266.123	272.619	214.769	546.954	343.353	453.852	201.316	70.614	268.390	531.864	378.841	268.269	167.654	249.023	183.069	229.308	438.387	517.214	471.001	371.995	729.535
1788.812	2243.279	2306.721	2226.559	2140.091	2250.683	2156.489	2166.861	2223.537	2321.717	1153.531	1263.453	1226.104	1186.879	1101.288	2059.211	1253.903	1083.750	1019.058	1145.896	1170.408	1030.676	988.532	955.254	1048.726	1081.931	1139.031	1320.874	1306.855	1278.392	1554.876	1446.922	1318.500	1304.695	1506.422	1384.548	1508.950	1530.740	1385.530	1375.332	1564.455	1686.849	1564.136	1497.950	1378.334	1262.069	1228.245	1204.557	1165.249	1213.164	1252.748	1310.860	1428.928	1476.446	1559.665	1606.030	1624.918	1628.908	1627.578	1692.459	631.787	575.940	485.771	336.751	111.554	0.000	147.705	205.782	237.705	450.198	426.452	300.006	115.763	461.103	429.863	279.216	257.665	225.604	442.609	357.647	242.175	281.888	586.408	349.729	400.613	100.529	119.543	379.450	633.815	487.587	360.429	228.995	192.561	77.605	237.472	449.276	491.637	409.226	315.293	835.594
1654.724	2183.059	2251.511	2172.980	2083.194	2192.453	2097.252	2102.728	2158.590	2260.951	1018.137	1124.777	1083.477	1046.342	959.497	1992.178	1107.536	938.302	876.460	1000.431	1023.017	883.636	842.668	815.011	913.771	949.025	1011.205	1189.897	1165.878	1135.402	1537.298	1420.639	1296.449	1302.035	1515.384	1400.664	1503.849	1522.714	1372.003	1376.812	1566.921	1679.108	1541.324	1468.780	1344.671	1231.381	1210.344	1194.411	1161.829	1225.466	1265.725	1319.689	1441.847	1494.681	1579.087	1622.088	1637.143	1640.613	1626.176	1689.298	685.595	607.931	503.297	348.874	248.073	147.705	0.000	192.525	320.488	510.208	532.369	437.002	227.991	517.720	462.752	235.518	146.920	153.768	450.677	443.693	191.992	345.571	583.881	325.600	290.508	47.497	267.233	503.318	726.914	626.373	507.702	375.379	275.219	133.076	242.004	418.654	409.884	288.228	209.174	935.688
1635.885	2037.512	2101.210	2021.181	1934.444	2044.980	1950.743	1961.116	2017.817	2115.944	1008.618	1126.174	1103.265	1056.526	976.780	1853.624	1152.439	977.738	899.259	1039.012	1082.409	939.654	887.234	827.737	904.229	932.177	978.521	1164.414	1176.654	1156.504	1359.329	1247.586	1120.668	1116.867	1326.640	1210.112	1319.925	1340.061	1191.733	1190.234	1380.222	1496.493	1366.302	1297.630	1176.435	1060.941	1032.084	1012.231	976.717	1035.550	1075.704	1130.769	1252.027	1303.799	1388.050	1431.720	1447.654	1451.256	1440.922	1504.782	497.396	415.676	310.899	156.349	220.620	205.782	192.525	0.000	178.540	327.927	389.990	363.018	170.243	333.469	271.519	77.632	146.469	80.791	259.102	285.668	56.419	178.091	396.251	145.707	243.168	179.868	281.986	391.606	561.911	541.242	475.453	388.055	397.050	260.242	50.517	244.985	297.143	268.034	170.775	773.312
1790.266	2085.565	2142.063	2060.259	1978.587	2090.270	1997.986	2015.007	2072.467	2164.295	1170.755	1291.211	1273.823	1224.730	1147.399	1912.247	1328.018	1152.967	1071.663	1213.876	1259.955	1117.140	1063.560	998.294	1067.371	1092.328	1131.438	1318.706	1344.348	1327.148	1353.938	1255.492	1124.253	1093.062	1285.045	1159.449	1297.638	1321.643	1182.388	1159.920	1347.139	1476.549	1368.096	1308.993	1195.670	1077.765	1031.074	1000.400	955.733	991.463	1030.323	1090.727	1205.485	1249.764	1332.059	1380.040	1401.028	1405.308	1412.716	1478.574	395.578	351.601	280.229	169.465	160.613	237.705	320.488	178.540	0.000	214.181	215.881	205.168	124.705	226.110	213.948	232.904	323.393	258.405	253.951	123.980	232.242	56.337	394.322	234.954	414.020	284.896	228.499	214.196	406.841	368.493	335.496	298.525	407.624	315.000	149.152	314.493	431.861	442.945	348.133	615.202
1781.544	1928.808	1978.901	1896.070	1819.092	1931.101	1841.043	1863.895	1921.690	2007.369	1190.427	1316.419	1317.025	1260.780	1193.155	1766.261	1392.603	1218.295	1125.763	1276.272	1339.396	1198.112	1136.862	1047.311	1092.227	1108.865	1130.302	1316.402	1376.695	1369.807	1163.287	1074.351	941.864	894.608	1077.726	949.762	1098.290	1124.057	990.992	957.775	1142.724	1277.298	1181.739	1129.649	1023.624	905.867	847.018	809.842	760.456	784.878	822.990	884.987	996.859	1038.878	1120.519	1169.413	1191.720	1196.188	1210.020	1276.444	181.623	154.987	145.984	194.583	372.100	450.198	510.208	327.927	214.181	0.000	181.102	332.687	338.857	15.262	95.828	335.853	464.434	401.841	170.817	119.774	361.440	169.368	252.242	272.767	498.417	482.899	436.156	263.178	251.014	409.376	466.033	484.062	620.813	526.672	278.415	285.475	449.061	536.498	462.512	458.795
1946.540	2099.396	2146.501	2063.303	1988.689	2100.651	2011.696	2036.750	2094.582	2177.768	1343.047	1467.083	1459.188	1406.250	1333.578	1940.942	1523.525	1348.237	1261.549	1408.084	1461.264	1318.583	1261.814	1185.392	1242.153	1262.463	1290.945	1478.135	1524.298	1512.409	1313.854	1233.955	1101.472	1038.040	1202.874	1069.532	1238.483	1266.583	1142.059	1094.781	1273.811	1416.374	1336.367	1290.243	1189.532	1072.630	1006.167	963.589	909.690	915.322	951.071	1015.910	1119.317	1153.424	1231.560	1283.736	1310.351	1315.360	1343.870	1410.851	298.068	325.000	324.688	315.659	321.135	426.452	532.369	389.990	215.881	181.102	0.000	195.204	313.055	194.963	263.672	430.452	536.392	470.770	337.688	110.824	439.796	215.653	433.334	398.968	610.490	493.131	365.160	96.774	212.675	228.448	310.485	371.912	556.413	502.359	351.596	442.620	594.626	643.697	554.329	409.149
1993.059	2258.365	2310.139	2227.491	2149.367	2261.347	2170.605	2191.530	2249.242	2337.018	1369.928	1488.592	1466.149	1419.515	1339.681	2091.807	1511.989	1337.979	1261.697	1399.595	1437.578	1295.394	1246.000	1190.682	1265.892	1292.488	1334.350	1521.334	1539.610	1519.361	1493.964	1406.964	1274.445	1221.966	1393.975	1261.746	1424.256	1451.272	1321.692	1281.737	1463.218	1602.839	1513.601	1462.323	1355.863	1237.983	1179.515	1141.182	1090.171	1104.331	1140.908	1204.979	1310.988	1346.760	1425.512	1477.242	1503.098	1508.002	1532.385	1599.226	485.399	487.668	450.612	371.278	189.922	300.006	437.002	363.018	205.168	332.687	195.204	0.000	213.921	347.925	381.162	429.853	493.569	434.401	440.097	214.512	419.436	249.590	567.592	440.120	606.108	390.765	202.357	105.950	399.712	189.412	136.889	179.138	382.314	364.956	347.124	516.449	636.408	630.370	531.701	575.331
1803.725	2179.192	2238.982	2157.879	2073.901	2185.168	2091.908	2105.803	2162.945	2257.849	1173.877	1289.387	1261.429	1217.306	1135.238	2000.607	1301.881	1128.645	1055.645	1190.509	1225.333	1083.488	1035.661	986.815	1069.155	1098.581	1147.304	1332.635	1337.630	1314.430	1466.583	1363.807	1233.650	1210.006	1405.952	1281.619	1414.625	1437.732	1295.812	1278.464	1466.550	1593.239	1478.608	1416.259	1299.873	1182.507	1141.638	1114.027	1071.622	1112.324	1151.478	1211.065	1327.100	1372.490	1455.097	1502.579	1522.871	1527.053	1531.204	1596.710	520.281	472.473	391.297	254.286	52.302	115.763	227.991	170.243	124.705	338.857	313.055	213.921	0.000	350.616	329.684	246.694	283.262	228.780	355.183	242.097	223.731	174.277	499.669	291.123	407.548	184.352	121.041	275.539	518.531	402.497	309.800	219.378	284.823	193.298	177.015	386.546	465.902	426.873	327.494	721.746
1772.033	1913.611	1963.654	1880.819	1803.872	1915.882	1825.846	1848.767	1906.564	1992.167	1183.006	1309.221	1310.988	1254.329	1187.415	1751.219	1387.952	1213.864	1120.668	1271.575	1335.850	1194.822	1133.093	1041.980	1085.250	1101.343	1121.681	1307.533	1369.899	1363.688	1148.281	1059.141	926.661	879.897	1063.795	936.169	1083.661	1109.331	975.991	943.317	1128.484	1262.682	1166.622	1114.422	1008.363	890.606	831.829	794.789	745.561	770.810	809.023	870.843	983.099	1025.531	1107.331	1156.021	1178.088	1182.526	1195.638	1262.024	170.924	139.764	134.595	195.568	384.862	461.103	517.720	333.469	226.110	15.262	194.963	347.925	350.616	0.000	89.990	337.972	467.911	406.035	163.350	134.796	365.046	179.533	238.493	271.595	497.397	491.429	449.480	278.111	253.605	423.379	481.291	498.678	633.318	537.268	283.542	279.027	443.733	535.890	463.971	459.431
1687.915	1879.769	1933.846	1851.635	1771.638	1883.518	1792.056	1811.560	1869.211	1958.479	1094.710	1220.634	1221.355	1164.985	1097.626	1711.060	1297.968	1123.910	1030.695	1181.589	1246.221	1105.362	1043.359	952.049	996.409	1013.190	1035.477	1221.852	1280.867	1274.107	1140.022	1042.073	910.612	880.566	1077.238	954.687	1085.198	1108.677	968.547	948.783	1136.984	1263.938	1154.221	1095.874	983.956	865.925	817.244	786.566	742.598	783.745	823.180	881.991	999.230	1046.649	1129.997	1176.171	1195.193	1199.230	1201.520	1267.046	228.752	147.117	69.573	119.121	372.559	429.863	462.752	271.519	213.948	95.828	263.672	381.162	329.684	89.990	0.000	261.316	394.637	336.365	75.742	172.776	293.592	158.115	186.681	186.295	411.189	442.843	441.808	331.974	343.155	487.271	517.978	509.184	613.835	502.297	221.183	189.651	353.779	450.386	383.894	546.941
1564.278	1966.238	2031.267	1951.663	1863.996	1974.218	1879.689	1888.857	1945.388	2044.557	940.163	1059.496	1040.924	992.104	914.495	1780.652	1096.604	921.382	838.914	982.005	1031.393	888.615	833.118	765.389	836.277	862.640	906.062	1092.569	1111.857	1094.248	1302.314	1187.090	1061.946	1066.854	1281.842	1169.298	1268.413	1287.197	1136.600	1142.059	1332.153	1443.590	1307.144	1236.003	1113.120	998.758	975.212	958.893	926.682	993.363	1033.715	1086.424	1209.421	1263.807	1348.443	1390.263	1404.224	1407.559	1390.945	1453.920	489.729	394.852	284.060	143.187	297.705	279.216	235.518	77.632	232.904	335.853	430.452	429.853	246.694	337.972	261.316	0.000	134.171	84.397	227.725	320.897	43.581	215.085	351.156	91.981	181.754	236.217	359.618	446.294	582.112	601.294	547.854	465.304	467.740	326.325	83.836	183.358	219.617	213.322	127.520	792.698
1532.357	2038.382	2107.892	2029.804	1939.277	2048.182	1952.816	1957.364	2013.072	2116.134	898.249	1010.666	979.175	936.534	853.233	1846.397	1018.905	845.441	772.955	907.275	944.213	801.896	752.751	705.357	793.347	825.461	881.396	1063.622	1056.839	1032.045	1409.101	1288.569	1166.954	1183.408	1402.966	1293.855	1382.669	1399.757	1246.643	1260.311	1450.054	1555.725	1410.503	1335.225	1209.549	1098.022	1083.476	1072.004	1043.745	1117.305	1157.699	1208.382	1332.531	1388.788	1473.566	1513.963	1526.313	1529.417	1506.682	1568.519	623.334	528.876	417.743	275.716	323.864	257.665	146.920	146.469	323.393	464.434	536.392	493.569	283.262	467.911	394.637	134.171	0.000	65.706	361.060	431.852	103.009	324.012	477.271	222.471	145.945	173.396	367.743	533.798	705.238	678.077	591.651	479.946	418.373	272.576	189.664	300.137	264.483	151.578	62.366	916.648
1576.923	2035.245	2102.194	2023.189	1934.297	2044.006	1949.082	1956.248	2012.440	2113.350	945.585	1060.635	1033.335	988.637	907.022	1846.763	1077.784	903.613	828.047	965.200	1005.424	862.833	811.979	758.393	840.785	870.903	922.262	1106.515	1108.951	1086.422	1383.729	1266.877	1142.742	1150.455	1366.092	1253.694	1351.626	1370.055	1218.813	1225.951	1416.023	1526.389	1387.569	1315.088	1191.183	1077.697	1056.882	1041.764	1010.332	1077.754	1118.107	1170.726	1293.794	1348.195	1432.825	1474.655	1488.553	1491.873	1474.466	1537.238	564.906	474.969	365.491	217.356	273.695	225.604	153.768	80.791	258.405	401.841	470.770	434.401	228.780	406.035	336.365	84.397	65.706	0.000	309.962	366.177	43.463	258.378	435.552	176.346	180.480	162.022	325.088	470.040	640.490	616.667	538.577	436.158	403.832	258.425	124.874	265.690	268.533	198.099	98.715	851.938
1612.213	1831.644	1888.574	1806.922	1724.809	1836.451	1744.078	1761.120	1818.600	1910.373	1019.748	1145.892	1148.090	1091.129	1024.853	1658.673	1227.158	1053.640	959.106	1110.732	1177.910	1037.807	974.665	880.044	921.900	938.134	959.792	1146.125	1206.568	1200.712	1113.190	1008.693	878.798	862.552	1068.599	951.098	1066.594	1088.158	943.274	934.243	1123.892	1244.315	1124.019	1061.076	945.130	827.586	787.302	762.062	722.870	776.851	816.935	872.701	993.319	1044.710	1128.949	1172.746	1189.085	1192.762	1185.959	1250.509	274.358	169.135	57.127	106.270	403.019	442.609	450.677	259.102	253.951	170.817	337.688	440.097	355.183	163.350	75.742	227.725	361.060	309.962	0.000	240.890	266.573	198.556	144.694	139.651	354.491	438.262	473.595	400.837	413.324	558.482	576.667	552.325	632.783	509.680	212.549	116.370	282.566	394.790	339.723	612.582
1840.731	2044.196	2095.649	2012.986	1935.025	2047.016	1956.431	1977.933	2035.678	2122.829	1233.915	1357.528	1348.658	1296.027	1222.967	1878.942	1412.730	1237.447	1150.761	1297.268	1350.894	1208.268	1151.189	1074.697	1132.612	1153.592	1183.952	1371.343	1414.277	1401.898	1283.059	1193.510	1061.089	1014.054	1194.671	1065.381	1217.539	1243.522	1110.765	1076.577	1260.800	1396.503	1301.370	1248.629	1141.451	1023.540	966.356	929.585	880.185	902.449	940.177	1002.788	1113.149	1153.378	1234.240	1284.037	1307.394	1311.989	1328.558	1395.094	289.552	274.268	240.635	205.721	266.123	357.647	443.693	285.668	123.980	119.774	110.824	214.512	242.097	134.796	172.776	320.897	431.852	366.177	240.890	0.000	332.802	107.956	356.384	288.613	500.121	408.843	325.146	159.978	283.223	318.217	349.771	365.219	514.324	435.251	244.100	337.980	485.510	533.831	446.059	492.647
1580.586	2006.793	2072.446	1993.024	1904.966	2015.029	1920.366	1928.863	1985.281	2085.046	952.566	1069.876	1046.880	1000.112	920.392	1820.204	1096.787	921.966	842.984	983.151	1027.736	884.930	831.833	771.339	848.110	876.359	923.690	1109.269	1120.245	1100.124	1345.878	1230.475	1105.457	1110.207	1324.695	1211.560	1311.878	1330.726	1180.178	1185.265	1375.368	1487.125	1350.619	1279.273	1156.183	1041.990	1018.786	1002.425	970.020	1035.799	1076.131	1129.188	1251.966	1305.953	1390.540	1432.664	1446.913	1450.284	1434.321	1497.358	522.282	431.550	322.033	174.481	272.619	242.175	191.992	56.419	232.242	361.440	439.796	419.436	223.731	365.046	293.592	43.581	103.009	43.463	266.573	332.802	0.000	224.941	393.584	134.364	186.783	193.289	330.478	446.185	602.946	597.108	531.003	438.992	428.005	285.096	88.732	226.931	250.387	211.947	115.898	814.265
1755.964	2029.856	2086.045	2004.192	1922.719	2034.433	1942.254	1959.634	2017.127	2108.587	1141.563	1263.634	1250.596	1199.597	1124.471	1857.214	1310.507	1135.209	1050.644	1195.494	1246.420	1103.661	1047.725	975.681	1039.060	1062.170	1097.494	1284.998	1318.604	1303.911	1298.103	1199.231	1068.048	1038.151	1231.970	1107.353	1242.767	1266.511	1126.659	1105.597	1293.223	1421.604	1312.002	1252.691	1139.340	1021.431	974.954	944.680	900.494	938.336	977.401	1037.282	1152.916	1198.226	1280.883	1328.303	1348.650	1352.850	1358.395	1424.120	350.446	298.336	223.921	122.069	214.769	281.888	345.571	178.091	56.337	169.368	215.653	249.590	174.277	179.533	158.115	215.085	324.012	258.378	198.556	107.956	224.941	0.000	338.070	196.866	396.039	315.275	283.719	237.951	385.571	397.535	383.781	354.551	459.058	357.772	136.321	266.917	396.365	428.406	338.792	596.595
1559.414	1693.513	1748.455	1666.450	1585.706	1697.531	1605.826	1624.938	1682.577	1772.234	996.277	1124.040	1140.199	1078.867	1021.867	1524.394	1234.423	1065.443	964.658	1118.778	1197.915	1062.508	995.114	884.150	905.153	914.276	921.410	1103.199	1189.107	1191.352	968.719	864.138	734.117	720.805	931.503	818.154	924.265	945.125	799.122	793.996	984.012	1101.445	979.326	916.721	801.702	683.940	642.642	618.251	580.748	642.232	682.575	735.829	858.384	912.725	997.398	1039.120	1053.415	1056.831	1044.761	1108.807	251.668	138.393	117.108	249.679	546.954	586.408	583.881	396.251	394.322	252.242	433.334	567.592	499.669	238.493	186.681	351.156	477.271	435.552	144.694	356.384	393.584	338.070	0.000	259.278	433.100	576.069	617.427	512.253	442.319	661.589	704.291	692.499	777.180	651.885	352.836	180.691	318.534	473.440	442.877	614.020
1559.099	1894.634	1957.246	1876.954	1790.878	1901.645	1807.681	1819.310	1876.203	1973.156	946.344	1069.359	1060.239	1007.414	934.712	1712.791	1127.270	952.216	863.423	1011.365	1069.752	927.826	868.183	786.736	844.509	866.484	900.656	1088.168	1125.715	1113.451	1215.134	1102.254	975.795	976.511	1190.345	1077.374	1178.631	1197.946	1048.352	1051.220	1241.329	1354.387	1221.340	1152.090	1030.733	915.307	887.865	869.744	836.295	901.510	941.852	994.825	1117.635	1171.853	1256.480	1298.396	1312.552	1315.921	1300.670	1363.947	409.918	308.672	196.749	83.735	343.353	349.729	325.600	145.707	234.954	272.767	398.968	440.120	291.123	271.595	186.295	91.981	222.471	176.346	139.651	288.613	134.364	196.866	259.278	0.000	225.804	321.786	411.244	434.322	523.697	594.306	568.834	508.324	541.921	405.887	115.477	99.564	199.537	264.444	200.665	731.018
1396.636	1907.021	1979.123	1902.132	1809.934	1917.868	1822.154	1824.125	1879.329	1984.345	766.490	883.180	860.734	813.409	734.239	1711.915	914.868	739.634	657.737	800.256	850.788	708.147	651.687	585.119	661.869	691.046	741.818	926.065	933.506	914.020	1310.394	1184.008	1067.563	1101.214	1328.046	1227.647	1295.088	1309.363	1153.480	1180.612	1368.443	1463.858	1307.463	1227.835	1099.961	992.357	989.180	985.064	963.865	1051.089	1091.194	1136.691	1262.511	1323.016	1407.660	1444.248	1452.796	1455.372	1420.892	1480.506	628.830	519.793	409.750	305.675	453.852	400.613	290.508	243.168	414.020	498.417	610.490	606.108	407.548	497.397	411.189	181.754	145.945	180.480	354.491	500.121	186.783	396.039	433.100	225.804	0.000	319.339	505.146	627.858	749.146	781.773	716.674	616.521	564.049	418.464	264.965	255.872	145.551	40.765	85.367	956.822
1695.469	2197.263	2264.046	2184.931	2096.226	2205.985	2111.085	2118.230	2174.394	2275.371	1059.269	1167.336	1127.790	1089.699	1003.403	2008.621	1153.735	983.984	920.724	1046.127	1069.892	930.247	888.568	858.175	954.676	989.091	1049.236	1229.276	1209.453	1179.890	1536.881	1422.951	1297.214	1296.514	1506.415	1389.311	1499.357	1519.183	1370.083	1370.065	1560.069	1675.631	1542.623	1472.098	1349.336	1234.904	1209.622	1191.139	1156.332	1215.072	1255.180	1310.531	1431.548	1482.769	1566.887	1610.982	1627.258	1630.896	1620.615	1684.356	661.118	589.502	488.481	333.600	201.316	100.529	47.497	179.868	284.896	482.899	493.131	390.765	184.352	491.429	442.843	236.217	173.396	162.022	438.262	408.843	193.289	315.275	576.069	321.786	319.339	0.000	220.057	459.831	691.628	580.009	460.231	328.967	245.592	99.371	225.984	418.622	428.368	321.842	235.050	898.960
1899.774	2300.082	2359.549	2278.343	2194.641	2305.955	2212.772	2226.824	2283.973	2378.748	1265.991	1377.810	1342.895	1302.440	1217.663	2121.645	1372.846	1202.223	1135.961	1264.362	1289.867	1149.984	1107.253	1070.875	1161.089	1192.986	1246.803	1430.295	1422.599	1395.374	1581.614	1481.150	1350.453	1321.560	1512.328	1385.552	1526.137	1550.104	1410.289	1388.273	1575.219	1705.046	1594.905	1534.060	1418.723	1301.146	1257.817	1228.324	1184.145	1218.899	1257.521	1318.444	1432.188	1474.999	1556.669	1605.500	1627.403	1631.792	1641.054	1706.973	613.919	579.633	506.364	374.629	70.614	119.543	267.233	281.986	228.499	436.156	365.160	202.357	121.041	449.480	441.808	359.618	367.743	325.088	473.595	325.146	330.478	283.719	617.427	411.244	505.146	220.057	0.000	297.786	577.823	381.533	242.015	112.224	191.793	167.778	296.241	507.409	578.968	518.369	421.062	768.157
1992.944	2190.251	2238.721	2155.656	2080.018	2192.017	2102.507	2126.303	2184.116	2268.728	1379.467	1501.299	1486.558	1436.472	1360.235	2029.208	1542.186	1367.106	1285.169	1427.957	1473.879	1331.086	1277.749	1211.219	1276.837	1300.121	1334.809	1522.334	1555.739	1539.889	1409.779	1328.349	1195.793	1134.490	1299.460	1165.900	1335.148	1363.151	1237.856	1191.514	1370.559	1513.096	1431.748	1384.433	1282.137	1164.868	1100.525	1058.908	1005.562	1012.093	1047.809	1112.677	1215.807	1249.367	1327.127	1379.572	1406.519	1411.565	1440.642	1507.624	394.610	414.310	398.448	355.392	268.390	379.450	503.318	391.606	214.196	263.178	96.774	105.950	275.539	278.111	331.974	446.294	533.798	470.040	400.837	159.978	446.185	237.951	512.253	434.322	627.858	459.831	297.786	0.000	293.952	160.572	213.726	285.053	484.209	450.923	362.908	494.550	633.817	657.139	561.986	471.829
2001.525	2001.497	2039.887	1956.188	1888.507	1999.665	1914.513	1946.589	2004.209	2078.871	1427.138	1554.193	1560.310	1502.340	1437.665	1858.182	1640.395	1466.654	1372.427	1523.976	1589.368	1448.415	1386.509	1293.304	1331.482	1345.147	1359.313	1543.000	1616.507	1612.717	1179.900	1117.661	987.760	898.180	1037.545	900.872	1090.368	1121.228	1011.791	944.968	1113.982	1264.505	1209.011	1175.071	1088.187	975.926	893.847	842.210	782.289	761.666	793.705	860.284	952.490	978.574	1052.722	1107.113	1137.302	1142.760	1186.374	1253.266	206.910	304.486	372.263	444.086	531.864	633.815	726.914	561.911	406.841	251.014	212.675	399.712	518.531	253.605	343.155	582.112	705.238	640.490	413.324	283.223	602.946	385.571	442.319	523.697	749.146	691.628	577.823	293.952	0.000	349.177	492.390	578.828	769.060	710.774	515.673	529.672	695.751	786.870	709.595	211.451
2153.260	2320.427	2364.859	2281.415	2208.952	2320.776	2232.850	2259.750	2317.579	2398.577	1538.160	1659.297	1642.169	1593.218	1515.715	2165.482	1693.646	1518.979	1439.476	1580.235	1621.997	1479.469	1428.246	1366.590	1435.151	1459.170	1494.953	1682.470	1712.804	1695.487	1519.136	1447.287	1315.411	1239.286	1386.300	1249.865	1435.141	1465.092	1348.805	1289.990	1461.940	1610.722	1545.058	1504.173	1408.085	1292.208	1220.268	1173.813	1116.913	1107.384	1140.560	1206.845	1301.348	1327.697	1401.410	1456.043	1486.458	1491.927	1533.927	1600.908	507.182	551.296	551.258	515.917	378.841	487.587	626.373	541.242	368.493	409.376	228.448	189.412	402.497	423.379	487.271	601.294	678.077	616.667	558.482	318.217	597.108	397.535	661.589	594.306	781.773	580.009	381.533	160.572	349.177	0.000	180.575	319.562	541.336	548.542	517.465	654.817	793.843	809.045	711.885	466.446
2111.319	2393.921	2444.840	2362.055	2284.615	2396.615	2306.154	2327.642	2385.377	2472.543	1483.162	1599.135	1570.723	1527.047	1444.650	2228.284	1607.728	1435.501	1364.605	1497.523	1527.664	1386.842	1341.575	1296.400	1378.532	1407.322	1453.651	1639.787	1647.376	1623.644	1622.453	1538.666	1406.080	1347.925	1512.577	1378.550	1548.820	1576.719	1450.374	1405.237	1584.108	1726.812	1643.585	1594.390	1489.600	1371.884	1310.941	1270.790	1218.252	1225.746	1261.338	1326.309	1428.715	1461.111	1538.079	1591.052	1618.691	1623.814	1654.303	1721.294	608.232	620.559	587.381	504.288	268.269	360.429	507.702	475.453	335.496	466.033	310.485	136.889	309.800	481.291	517.978	547.854	591.651	538.577	576.667	349.771	531.003	383.781	704.291	568.834	716.674	460.231	242.015	213.726	492.390	180.575	0.000	151.425	371.584	406.329	468.110	649.615	761.259	736.673	637.291	638.629
2011.810	2383.951	2440.576	2358.742	2277.092	2388.759	2296.396	2312.934	2370.333	2462.679	1378.194	1489.996	1454.554	1414.459	1329.466	2209.540	1482.701	1312.737	1247.561	1374.883	1398.231	1259.014	1217.465	1182.867	1273.292	1305.081	1358.329	1542.120	1534.584	1506.954	1645.106	1550.706	1418.891	1378.534	1559.334	1429.090	1582.336	1607.939	1472.982	1441.720	1625.978	1761.353	1661.435	1604.810	1493.030	1375.025	1324.963	1291.250	1243.596	1267.506	1305.054	1367.910	1477.377	1515.937	1595.855	1646.598	1670.993	1675.703	1693.771	1760.289	651.395	635.978	577.267	461.050	167.654	228.995	375.379	388.055	298.525	484.062	371.912	179.138	219.378	498.678	509.184	465.304	479.946	436.158	552.325	365.219	438.992	354.551	692.499	508.324	616.521	328.967	112.224	285.053	578.828	319.562	151.425	0.000	222.248	261.706	395.817	600.780	684.855	630.423	532.807	750.947
1920.682	2433.861	2498.163	2418.206	2331.233	2441.632	2347.232	2356.583	2413.085	2512.214	1284.114	1385.871	1336.500	1304.418	1215.352	2248.168	1345.162	1182.448	1130.914	1243.975	1251.571	1117.933	1085.675	1075.038	1180.631	1217.722	1283.245	1459.551	1422.478	1387.132	1745.898	1639.050	1510.300	1492.982	1690.691	1566.406	1697.494	1719.953	1576.042	1562.335	1750.784	1875.806	1755.861	1690.268	1570.867	1454.535	1419.622	1394.705	1354.032	1397.075	1436.271	1495.686	1611.922	1657.129	1739.584	1787.288	1807.692	1811.876	1814.955	1880.237	800.941	757.295	673.337	527.655	249.023	192.561	275.219	397.050	407.624	620.813	556.413	382.314	284.823	633.318	613.835	467.740	418.373	403.832	632.783	514.324	428.005	459.058	777.180	541.921	564.049	245.592	191.793	484.209	769.060	541.336	371.584	222.248	0.000	146.308	430.018	641.483	672.235	563.435	480.401	956.031
1787.192	2291.854	2357.471	2277.950	2190.050	2300.125	2205.451	2213.655	2269.987	2370.086	1150.485	1255.991	1212.239	1176.655	1089.056	2104.618	1230.863	1063.787	1005.475	1125.795	1142.666	1005.236	967.546	945.712	1046.264	1081.845	1144.275	1322.867	1295.828	1263.786	1618.479	1507.723	1380.482	1372.126	1576.795	1456.304	1575.971	1597.010	1450.131	1443.867	1633.400	1753.325	1626.158	1557.863	1436.589	1321.178	1291.362	1269.867	1232.295	1283.962	1323.735	1381.021	1500.076	1548.688	1632.188	1677.942	1696.072	1699.956	1695.636	1760.126	708.125	649.068	555.480	403.412	183.069	77.605	133.076	260.242	315.000	526.672	502.359	364.956	193.298	537.268	502.297	326.325	272.576	258.425	509.680	435.251	285.096	357.772	651.885	405.887	418.464	99.371	167.778	450.923	710.774	548.542	406.329	261.706	146.308	0.000	299.327	504.860	526.421	419.580	334.387	911.428
1646.092	2009.471	2071.452	1990.950	1905.369	2016.261	1922.441	1934.502	1991.438	2088.026	1023.431	1143.109	1124.729	1075.927	998.291	1828.166	1179.440	1004.296	922.524	1065.078	1112.819	969.992	915.428	849.177	919.692	945.600	987.516	1174.352	1195.659	1178.051	1319.326	1209.870	1081.915	1073.531	1281.122	1163.392	1277.099	1297.861	1150.813	1146.066	1335.887	1454.218	1327.602	1260.665	1140.862	1024.638	992.313	970.567	933.540	989.370	1029.430	1085.222	1205.827	1256.795	1340.903	1385.080	1401.619	1405.306	1397.341	1461.555	446.893	365.928	262.626	107.685	229.308	237.472	242.004	50.517	149.152	278.415	351.596	347.124	177.015	283.542	221.183	83.836	189.664	124.874	212.549	244.100	88.732	136.321	352.836	115.477	264.965	225.984	296.241	362.908	515.673	517.465	468.110	395.817	430.018	299.327	0.000	213.807	293.668	294.825	202.794	727.112
1503.920	1795.664	1857.884	1777.520	1691.651	1802.497	1708.643	1720.814	1777.791	1874.218	905.476	1031.176	1031.979	975.369	908.573	1614.780	1110.923	937.570	842.756	994.494	1062.671	923.059	859.293	763.674	806.833	824.100	848.845	1035.823	1091.226	1084.664	1118.962	1004.355	878.738	885.218	1103.033	993.892	1086.010	1104.365	953.349	961.292	1151.254	1260.704	1124.052	1053.738	931.800	816.723	791.854	776.074	745.209	817.263	857.655	908.292	1032.395	1088.907	1173.706	1213.847	1226.237	1229.371	1209.083	1271.673	381.335	267.643	163.130	145.344	438.387	449.276	418.654	244.985	314.493	285.475	442.620	516.449	386.546	279.027	189.651	183.358	300.137	265.690	116.370	337.980	226.931	266.917	180.691	99.564	255.872	418.622	507.409	494.550	529.672	654.817	649.615	600.780	641.483	504.860	213.807	0.000	166.584	296.601	262.479	727.659
1359.652	1773.899	1843.654	1765.778	1674.937	1783.746	1688.353	1693.004	1748.788	1851.654	748.464	872.541	868.490	813.389	744.222	1582.299	944.646	771.079	676.951	828.226	896.247	756.985	692.822	598.281	647.627	668.084	701.129	888.636	930.558	921.422	1164.844	1038.695	922.013	957.764	1186.096	1088.710	1150.418	1164.311	1008.213	1037.629	1224.797	1318.601	1162.057	1082.873	955.309	847.085	843.893	840.805	821.264	912.711	952.559	996.096	1122.171	1184.004	1268.423	1303.673	1311.066	1313.490	1276.422	1335.673	544.778	428.802	328.993	280.043	517.214	491.637	409.884	297.143	431.861	449.061	594.626	636.408	465.902	443.733	353.779	219.617	264.483	268.533	282.566	485.510	250.387	396.365	318.534	199.537	145.551	428.368	578.968	633.817	695.751	793.843	761.259	684.855	672.235	526.421	293.668	166.584	0.000	178.582	204.656	894.181
1381.405	1925.685	1999.198	1922.815	1829.785	1937.129	1841.265	1841.684	1896.535	2002.721	748.352	862.628	835.927	790.610	709.510	1728.720	885.132	710.180	631.365	771.274	818.183	675.380	620.675	560.675	643.472	674.666	729.819	912.221	910.910	889.096	1341.737	1213.942	1099.021	1136.257	1364.080	1264.983	1328.923	1342.609	1186.291	1216.001	1403.338	1496.661	1337.681	1256.900	1128.518	1022.256	1021.965	1019.385	999.482	1088.579	1128.608	1173.366	1299.313	1360.340	1444.913	1480.969	1488.959	1491.453	1454.974	1514.105	669.148	560.448	450.240	342.877	471.001	409.226	288.228	268.034	442.945	536.498	643.697	630.370	426.873	535.890	450.386	213.322	151.578	198.099	394.790	533.831	211.947	428.406	473.440	264.444	40.765	321.842	518.369	657.139	786.870	809.045	736.673	630.423	563.435	419.580	294.825	296.601	178.582	0.000	99.396	995.189
1479.246	1978.057	2048.228	1970.419	1879.445	1988.117	1892.654	1896.585	1952.183	2055.712	847.160	961.936	935.022	889.989	808.651	1785.329	981.763	807.172	730.074	868.550	911.895	769.100	716.466	659.911	742.323	772.861	825.790	1009.313	1010.294	988.153	1358.334	1235.809	1115.759	1138.054	1360.439	1254.379	1335.651	1351.785	1197.594	1215.928	1405.182	1507.360	1358.317	1281.598	1155.148	1044.748	1033.865	1024.857	998.996	1077.572	1117.925	1166.797	1291.705	1349.582	1434.397	1473.429	1484.404	1487.319	1460.385	1521.491	610.178	508.843	396.823	268.415	371.995	315.293	209.174	170.775	348.133	462.512	554.329	531.701	327.494	463.971	383.894	127.520	62.366	98.715	339.723	446.059	115.898	338.792	442.877	200.665	85.367	235.050	421.062	561.986	709.595	711.885	637.291	532.807	480.401	334.387	202.794	262.479	204.656	99.396	0.000	920.054
2164.406	2033.796	2061.829	1978.396	1919.441	2028.491	1948.535	1988.022	2044.815	2109.290	1610.044	1737.745	1750.485	1690.523	1629.798	1908.539	1836.946	1664.475	1567.742	1720.581	1790.308	1650.384	1586.951	1487.880	1517.651	1528.000	1534.643	1714.788	1802.209	1802.264	1181.923	1144.173	1021.965	902.264	996.754	859.458	1075.087	1109.032	1024.187	932.451	1079.908	1238.876	1218.956	1201.240	1133.211	1030.164	933.782	873.671	809.482	752.670	776.838	842.634	912.176	922.827	986.977	1044.073	1080.056	1086.182	1154.017	1219.121	362.355	477.980	565.620	653.204	729.535	835.594	935.688	773.312	615.202	458.795	409.149	575.331	721.746	459.431	546.941	792.698	916.648	851.938	612.582	492.647	814.265	596.595	614.020	731.018	956.822	898.960	768.157	471.829	211.451	466.446	638.629	750.947	956.031	911.428	727.112	727.659	894.181	995.189	920.054	0.000
EOF
