%randomly generated instance
%vessels
3
100	25000	0.23
200	30000	0.28
300	35000	0.33
%ports
100
1	ContinentalPort	CP	0	0
2	Port2	RP	4	26
3	Port3	RP	54	24
4	Port4	RP	0	1
5	Port5	RP	11	5
6	Port6	RP	26	59
7	Port7	RP	3	38
8	Port8	RP	8	7
9	Port9	RP	30	22
10	Port10	RP	13	46
11	Port11	RP	26	57
12	Port12	RP	6	3
13	Port13	RP	46	19
14	Port14	RP	6	1
15	Port15	RP	21	7
16	Port16	RP	20	28
17	Port17	RP	0	3
18	Port18	RP	7	36
19	Port19	RP	8	20
20	Port20	RP	65	11
21	Port21	RP	31	53
22	Port22	RP	26	15
23	Port23	RP	18	65
24	Port24	RP	48	22
25	Port25	RP	63	12
26	Port26	RP	40	14
27	Port27	RP	17	2
28	Port28	RP	8	10
29	Port29	RP	27	40
30	Port30	RP	41	5
31	Port31	RP	0	25
32	Port32	RP	44	13
33	Port33	RP	38	17
34	Port34	RP	16	51
35	Port35	RP	0	7
36	Port36	RP	25	4
37	Port37	RP	11	49
38	Port38	RP	6	33
39	Port39	RP	20	20
40	Port40	RP	11	14
41	Port41	RP	28	70
42	Port42	RP	2	34
43	Port43	RP	14	65
44	Port44	RP	23	24
45	Port45	RP	29	70
46	Port46	RP	3	3
47	Port47	RP	6	26
48	Port48	RP	4	4
49	Port49	RP	2	84
50	Port50	RP	36	12
51	Port51	RP	72	11
52	Port52	RP	66	4
53	Port53	RP	25	42
54	Port54	RP	31	8
55	Port55	RP	0	5
56	Port56	RP	20	7
57	Port57	RP	29	25
58	Port58	RP	7	19
59	Port59	RP	21	17
60	Port60	RP	1	15
61	Port61	RP	0	2
62	Port62	RP	36	31
63	Port63	RP	5	75
64	Port64	RP	4	56
65	Port65	RP	21	1
66	Port66	RP	1	15
67	Port67	RP	11	26
68	Port68	RP	6	1
69	Port69	RP	25	57
70	Port70	RP	25	5
71	Port71	RP	17	3
72	Port72	RP	17	79
73	Port73	RP	0	2
74	Port74	RP	29	8
75	Port75	RP	35	44
76	Port76	RP	44	2
77	Port77	RP	9	78
78	Port78	RP	28	1
79	Port79	RP	34	1
80	Port80	RP	7	17
81	Port81	RP	49	5
82	Port82	RP	35	15
83	Port83	RP	0	3
84	Port84	RP	37	4
85	Port85	RP	49	5
86	Port86	RP	1	44
87	Port87	RP	67	33
88	Port88	RP	33	46
89	Port89	RP	33	24
90	Port90	RP	10	18
91	Port91	RP	0	63
92	Port92	RP	21	2
93	Port93	RP	64	7
94	Port94	RP	32	30
95	Port95	RP	3	39
96	Port96	RP	25	26
97	Port97	RP	15	44
98	Port98	RP	14	27
99	Port99	RP	44	20
100	Port100	RP	23	14
%distance table
0.000	1092.729	1092.729	1130.782	1142.758	1273.028	1282.158	1306.996	1316.593	1352.447	1182.657	1165.658	1096.323	1074.288	981.312	887.811	898.177	939.637	951.318	951.318	951.318	967.304	1007.839	1084.987	981.845	1087.155	1115.564	1115.428	1115.428	1102.886	1102.533	1122.858	1163.908	1131.295	1112.418	1896.807	1917.235	1959.372	1932.876	1932.876	2010.053	2031.052	2008.139	1943.466	1835.537	1886.405	1978.175	1974.454	1969.102	1791.496	1803.972	1844.555	1867.912	1853.616	1847.209	1832.818	1834.020	1892.541	1912.053	1962.324	1973.325	1970.599	1967.655	1963.650	1740.186	1752.670	1750.768	1752.504	1754.122	1780.363	2486.525	2490.096	2486.348	2486.348	2466.144	2378.424	2334.066	2317.742	2327.019	2361.439	2394.339	1555.474	1518.371	1478.295	1503.486	1503.486	1505.604	1164.303	1136.843	1089.973	1076.591	2647.578	2686.496	2707.105	2713.015	2709.636	2712.489	2701.896	2700.919	2694.053
1092.729	0.000	0.000	56.059	89.548	191.062	204.196	256.085	269.728	315.183	95.591	88.830	48.270	45.891	113.439	1748.155	1750.552	1761.137	1764.387	1764.387	1764.387	1781.247	1797.187	1837.888	1568.857	1624.165	1562.770	1519.402	1519.402	1468.442	1466.814	1859.092	1977.220	1973.169	1965.670	994.294	1023.114	1081.753	1072.292	1072.292	1176.743	1214.570	1211.454	1196.153	1205.100	1266.168	1388.632	1405.307	1405.916	2204.331	2212.553	2239.584	2241.363	2202.652	2188.140	2154.245	2155.083	2196.324	2166.809	2148.659	2093.452	2079.630	2063.221	2037.020	1988.594	1961.513	1928.375	1936.109	1943.069	1973.257	1880.509	1891.719	1915.910	1915.910	1915.167	1917.435	1935.756	1945.954	1846.816	1841.045	1825.562	1218.508	1074.389	1077.241	1059.105	1059.105	1053.196	487.405	448.225	405.113	385.875	2922.049	2952.953	2964.785	2955.498	2918.582	2916.162	2881.013	2878.707	2862.244
1092.729	0.000	0.000	56.059	89.548	191.062	204.196	256.085	269.728	315.183	95.591	88.830	48.270	45.891	113.439	1748.155	1750.552	1761.137	1764.387	1764.387	1764.387	1781.247	1797.187	1837.888	1568.857	1624.165	1562.770	1519.402	1519.402	1468.442	1466.814	1859.092	1977.220	1973.169	1965.670	994.294	1023.114	1081.753	1072.292	1072.292	1176.743	1214.570	1211.454	1196.153	1205.100	1266.168	1388.632	1405.307	1405.916	2204.331	2212.553	2239.584	2241.363	2202.652	2188.140	2154.245	2155.083	2196.324	2166.809	2148.659	2093.452	2079.630	2063.221	2037.020	1988.594	1961.513	1928.375	1936.109	1943.069	1973.257	1880.509	1891.719	1915.910	1915.910	1915.167	1917.435	1935.756	1945.954	1846.816	1841.045	1825.562	1218.508	1074.389	1077.241	1059.105	1059.105	1053.196	487.405	448.225	405.113	385.875	2922.049	2952.953	2964.785	2955.498	2918.582	2916.162	2881.013	2878.707	2862.244
1130.782	56.059	56.059	0.000	35.543	143.630	154.926	201.487	214.885	260.033	52.804	100.346	96.541	100.857	161.323	1765.040	1766.951	1775.663	1778.404	1778.404	1778.404	1795.155	1809.556	1847.842	1573.174	1625.108	1559.991	1515.090	1515.090	1463.019	1461.354	1867.927	1989.492	1987.176	1980.420	938.245	967.083	1025.779	1016.480	1016.480	1121.128	1159.144	1156.378	1142.238	1154.864	1215.903	1338.730	1356.036	1356.857	2193.223	2201.173	2227.337	2228.019	2188.348	2173.531	2138.908	2139.722	2179.822	2148.112	2126.792	2068.832	2054.587	2037.664	2010.614	1970.945	1942.159	1907.790	1915.748	1922.907	1953.030	1828.278	1839.666	1864.572	1864.572	1864.398	1869.536	1889.995	1901.125	1798.535	1791.458	1774.530	1181.186	1033.908	1038.936	1018.857	1018.857	1012.633	450.100	412.576	373.861	356.063	2900.528	2930.941	2942.316	2932.346	2893.996	2891.341	2855.187	2852.829	2835.987
1142.758	89.548	89.548	35.543	0.000	131.191	139.422	175.642	188.316	232.360	59.493	130.549	132.009	135.197	185.904	1761.336	1762.926	1770.413	1772.822	1772.822	1772.822	1789.496	1802.903	1839.644	1561.656	1611.550	1544.309	1498.560	1498.560	1445.894	1444.209	1859.022	1982.699	1981.496	1975.223	905.852	934.493	992.843	983.033	983.033	1087.294	1125.044	1121.917	1107.115	1119.343	1180.380	1303.228	1320.586	1321.429	2172.691	2180.494	2206.193	2206.300	2166.141	2151.172	2116.182	2116.984	2156.494	2123.695	2100.843	2041.607	2027.170	2010.016	1982.589	1947.092	1917.469	1882.508	1890.572	1897.826	1927.910	1792.796	1804.168	1829.034	1829.034	1828.857	1834.247	1855.095	1866.433	1763.194	1755.973	1738.987	1148.888	1000.556	1006.330	985.587	985.587	979.261	418.425	381.717	345.217	328.239	2874.627	2904.805	2915.965	2905.677	2866.671	2863.909	2827.306	2824.925	2807.915
1273.028	191.062	191.062	143.630	131.191	0.000	16.561	89.033	102.772	146.014	95.473	161.023	210.966	226.196	303.270	1886.024	1887.251	1893.252	1895.235	1895.235	1895.235	1911.797	1923.843	1958.253	1674.748	1720.415	1648.396	1600.623	1600.623	1546.526	1544.793	1976.477	2103.334	2103.668	2098.026	831.296	861.311	922.209	917.205	917.205	1024.905	1065.526	1067.158	1064.247	1101.188	1161.585	1285.591	1306.143	1308.060	2262.140	2269.454	2293.575	2291.710	2249.874	2234.374	2198.095	2198.850	2236.082	2199.006	2169.562	2104.346	2088.973	2070.670	2041.320	2024.968	1992.001	1954.592	1963.099	1970.746	2000.604	1759.433	1771.919	1801.106	1801.106	1804.214	1824.199	1854.379	1869.494	1751.593	1737.927	1713.123	1182.445	1025.318	1038.266	1011.332	1011.332	1003.999	469.212	439.711	417.338	405.049	2942.614	2971.680	2981.818	2970.022	2927.807	2924.504	2885.598	2883.095	2865.208
1282.158	204.196	204.196	154.926	139.422	16.561	0.000	72.957	86.519	129.477	108.884	177.286	225.915	240.562	315.589	1888.749	1889.836	1895.302	1897.140	1897.140	1897.140	1913.661	1925.264	1958.971	1674.082	1718.770	1645.779	1597.626	1597.626	1543.277	1541.536	1976.869	2104.635	2105.463	2100.036	814.782	844.785	905.664	900.644	900.644	1008.350	1048.986	1050.666	1047.991	1085.864	1146.209	1270.236	1290.942	1292.915	2256.782	2264.016	2287.884	2285.715	2243.634	2228.058	2191.596	2192.343	2229.240	2191.577	2161.275	2095.338	2079.857	2061.423	2031.857	2017.928	1984.510	1946.784	1955.348	1963.045	1992.866	1743.371	1755.892	1785.229	1785.229	1788.464	1809.126	1839.831	1855.178	1736.450	1722.470	1697.334	1170.716	1012.918	1026.487	999.026	999.026	991.613	460.427	431.902	411.411	399.823	2934.124	2963.048	2973.059	2961.081	2918.488	2915.122	2875.956	2873.440	2855.455
1306.996	256.085	256.085	201.487	175.642	89.033	72.957	0.000	14.319	60.120	166.346	245.052	285.712	297.230	361.195	1882.947	1883.415	1886.502	1887.696	1887.696	1887.696	1904.026	1913.673	1944.289	1653.723	1694.227	1617.253	1567.581	1567.581	1512.254	1510.480	1960.760	2092.375	2095.371	2090.895	746.524	776.212	836.549	830.498	830.498	937.682	977.888	978.924	975.252	1013.500	1073.766	1197.818	1218.765	1220.831	2216.741	2223.661	2246.527	2243.176	2200.164	2184.300	2147.149	2147.869	2183.467	2143.596	2110.114	2041.576	2025.713	2006.817	1976.492	1971.497	1936.390	1897.497	1906.266	1914.147	1943.815	1670.431	1682.941	1712.289	1712.289	1715.591	1737.147	1768.906	1784.783	1664.350	1649.896	1624.437	1108.007	948.152	963.725	934.573	934.573	926.909	410.541	386.317	374.043	365.652	2882.011	2910.417	2919.968	2907.338	2863.412	2859.825	2819.750	2817.188	2798.867
1316.593	269.728	269.728	214.885	188.316	102.772	86.519	14.319	0.000	45.919	180.502	259.362	299.820	311.146	374.096	1887.178	1887.529	1890.164	1891.234	1891.234	1891.234	1907.525	1916.792	1946.797	1655.143	1694.771	1616.967	1566.979	1566.979	1511.452	1509.672	1962.982	2095.337	2098.753	2094.460	732.209	761.894	822.232	816.212	816.212	923.430	963.678	964.808	961.485	1000.882	1061.082	1185.149	1206.271	1208.399	2213.793	2220.638	2243.268	2239.640	2196.410	2180.480	2143.168	2143.881	2179.161	2138.752	2104.472	2035.263	2019.300	2000.283	1969.756	1967.054	1931.534	1892.353	1901.173	1909.099	1938.726	1656.913	1669.466	1698.993	1698.993	1702.445	1724.764	1757.091	1773.214	1651.893	1637.088	1611.247	1099.274	938.791	955.012	925.320	925.320	917.575	406.083	383.075	372.897	365.295	2876.070	2904.340	2913.772	2900.971	2856.694	2853.049	2812.731	2810.156	2791.745
1352.447	315.183	315.183	260.033	232.360	146.014	129.477	60.120	45.919	0.000	226.421	304.639	345.730	356.919	418.259	1907.609	1907.610	1908.885	1909.582	1909.582	1909.582	1925.749	1933.863	1961.996	1667.107	1703.987	1623.608	1572.640	1572.640	1516.509	1514.708	1977.299	2111.877	2116.568	2112.831	686.673	716.446	776.965	771.403	771.403	878.943	919.512	921.279	919.892	964.504	1024.398	1148.480	1170.327	1172.712	2211.622	2218.223	2240.071	2235.529	2191.594	2175.446	2137.611	2138.302	2172.514	2130.314	2093.345	2021.866	2005.565	1986.135	1954.924	1960.015	1923.123	1882.986	1891.975	1900.050	1929.525	1616.408	1629.160	1659.502	1659.502	1663.614	1689.151	1723.752	1740.840	1615.987	1599.721	1572.236	1077.840	915.220	933.801	902.164	902.164	894.127	401.643	382.908	379.591	374.531	2863.766	2891.569	2900.590	2887.209	2841.732	2837.884	2796.733	2794.115	2775.392
1182.657	95.591	95.591	52.804	59.493	95.473	108.884	166.346	180.502	226.421	0.000	87.883	119.435	132.274	208.177	1816.233	1818.027	1826.250	1828.848	1828.848	1828.848	1845.566	1859.509	1897.000	1620.252	1670.663	1603.731	1558.038	1558.038	1505.387	1503.702	1916.687	2039.385	2037.586	2031.038	911.613	941.026	1000.794	993.392	993.392	1099.516	1138.710	1137.828	1128.362	1150.691	1211.577	1335.028	1353.610	1354.854	2231.817	2239.586	2265.166	2265.103	2224.780	2209.755	2174.625	2175.422	2214.676	2181.320	2157.466	2097.175	2082.559	2065.183	2037.374	2005.033	1974.950	1939.621	1947.754	1955.068	1985.124	1818.774	1830.613	1857.255	1857.255	1858.388	1869.314	1893.469	1906.095	1797.650	1788.017	1767.978	1197.227	1046.197	1054.031	1031.490	1031.490	1024.858	469.193	434.027	400.466	384.314	2931.238	2961.235	2972.223	2961.672	2922.080	2919.216	2882.165	2879.760	2862.574
1165.658	88.830	88.830	100.346	130.549	161.023	177.286	245.052	259.362	304.639	87.883	0.000	69.344	91.630	186.176	1835.404	1837.945	1849.020	1852.385	1852.385	1852.385	1869.266	1885.503	1926.531	1657.628	1712.596	1650.466	1606.684	1606.684	1555.380	1553.740	1947.831	2065.537	2061.146	2053.474	991.267	1021.081	1081.564	1075.468	1075.468	1182.394	1222.226	1222.309	1214.689	1238.572	1299.454	1422.911	1441.474	1442.702	2289.116	2297.209	2323.815	2325.023	2285.780	2271.093	2236.769	2237.593	2278.136	2247.157	2226.619	2169.058	2154.849	2137.962	2110.949	2069.646	2041.380	2007.328	2015.232	2022.342	2052.483	1906.064	1917.986	1944.889	1944.889	1946.157	1957.058	1980.672	1992.961	1885.446	1875.900	1855.701	1279.335	1130.278	1136.654	1115.402	1115.402	1108.963	548.968	512.072	474.150	456.408	3000.313	3030.822	3042.278	3032.415	2994.233	2991.598	2955.508	2953.152	2936.323
1096.323	48.270	48.270	96.541	132.009	210.966	225.915	285.712	299.820	345.730	119.435	69.344	0.000	22.745	117.541	1771.353	1774.131	1786.156	1789.790	1789.790	1789.790	1806.720	1823.795	1866.210	1601.122	1658.480	1599.273	1556.770	1556.770	1506.430	1504.823	1888.184	2003.803	1998.462	1990.402	1029.763	1058.966	1118.304	1109.987	1109.987	1215.323	1253.811	1251.675	1238.528	1250.855	1311.909	1434.589	1451.596	1452.308	2244.892	2253.239	2280.667	2282.941	2244.659	2230.280	2196.701	2197.549	2239.254	2210.606	2193.593	2139.265	2125.569	2109.309	2083.344	2032.019	2005.589	1972.901	1980.555	1987.443	2017.648	1924.804	1936.175	1960.948	1960.948	1960.609	1964.341	1983.327	1993.733	1893.569	1887.187	1870.821	1266.732	1122.632	1125.503	1107.357	1107.357	1101.435	535.668	496.435	452.956	433.545	2966.788	2997.858	3009.843	3000.781	2964.317	2961.967	2927.113	2924.823	2908.467
1074.288	45.891	45.891	100.857	135.197	226.196	240.562	297.230	311.146	356.919	132.274	91.630	22.745	0.000	94.833	1748.936	1751.750	1763.927	1767.606	1767.606	1767.606	1784.545	1801.769	1844.447	1580.187	1638.096	1579.610	1537.435	1537.435	1487.351	1485.752	1866.556	1981.767	1976.259	1968.134	1038.519	1067.483	1126.372	1117.277	1117.277	1221.985	1259.979	1257.071	1242.032	1250.462	1311.534	1433.888	1450.372	1450.914	2226.957	2235.371	2263.015	2265.576	2227.558	2213.264	2179.894	2180.748	2222.769	2194.772	2178.760	2125.372	2111.827	2095.753	2070.100	2015.909	1989.998	1957.702	1965.283	1972.107	2002.326	1926.285	1937.466	1961.516	1961.516	1960.638	1961.997	1979.471	1989.266	1891.520	1886.184	1871.099	1258.309	1115.868	1117.629	1100.478	1100.478	1094.726	528.050	488.206	443.114	423.251	2951.733	2982.961	2995.094	2986.262	2950.294	2948.027	2913.534	2911.263	2895.046
981.312	113.439	113.439	161.323	185.904	303.270	315.589	361.195	374.096	418.259	208.177	186.176	117.541	94.833	0.000	1656.852	1659.881	1672.950	1676.890	1676.890	1676.890	1693.872	1711.927	1756.026	1496.174	1556.836	1501.956	1461.423	1461.423	1412.628	1411.073	1778.842	1891.842	1885.402	1876.909	1084.688	1112.621	1169.567	1157.475	1157.475	1259.373	1295.306	1289.348	1266.785	1259.289	1320.232	1440.879	1455.144	1454.976	2157.166	2165.890	2194.530	2198.423	2161.653	2147.763	2115.373	2116.258	2159.705	2134.719	2123.273	2074.176	2061.324	2046.100	2021.867	1954.720	1931.216	1900.742	1907.985	1914.509	1944.761	1941.300	1951.687	1972.721	1972.721	1969.617	1961.086	1972.167	1979.361	1891.952	1890.990	1881.244	1232.944	1098.275	1095.199	1082.457	1082.457	1077.463	512.166	470.439	419.133	397.744	2894.809	2926.729	2939.529	2931.730	2897.997	2896.101	2863.234	2861.049	2845.459
887.811	1748.155	1748.155	1765.040	1761.336	1886.024	1888.749	1882.947	1887.178	1907.609	1816.233	1835.404	1771.353	1748.936	1656.852	0.000	16.103	78.160	95.062	95.062	95.062	102.850	155.728	244.854	422.353	504.300	617.408	665.875	665.875	704.856	706.156	287.575	277.006	244.780	228.739	2231.663	2241.114	2261.410	2224.473	2224.473	2264.400	2267.127	2231.209	2137.575	1960.209	1990.606	2036.670	2017.332	2008.388	1077.656	1091.238	1135.299	1171.030	1177.777	1178.802	1182.432	1183.689	1244.820	1299.227	1394.185	1456.152	1462.965	1471.562	1486.477	1170.323	1213.105	1238.225	1234.400	1231.052	1247.196	2469.050	2465.578	2438.549	2438.549	2404.784	2255.452	2166.896	2131.682	2228.368	2290.473	2358.735	1539.928	1599.835	1543.455	1591.136	1591.136	1598.454	1569.845	1564.943	1544.529	1543.180	1933.496	1974.609	1999.214	2014.211	2032.521	2038.579	2044.988	2044.975	2045.094
898.177	1750.552	1750.552	1766.951	1762.926	1887.251	1889.836	1883.415	1887.529	1907.610	1818.027	1837.945	1774.131	1751.750	1659.881	16.103	0.000	62.057	78.959	78.959	78.959	86.976	139.785	228.988	410.124	490.525	604.412	653.450	653.450	693.131	694.453	271.737	265.865	236.392	221.777	2226.978	2236.223	2256.110	2219.044	2219.044	2258.281	2260.697	2224.612	2130.636	1952.434	1982.454	2027.735	2008.187	1999.202	1061.559	1075.141	1119.201	1154.927	1161.691	1162.730	1166.410	1167.667	1228.790	1283.321	1378.488	1440.783	1447.668	1456.355	1471.424	1154.770	1197.760	1223.096	1219.224	1215.834	1231.871	2458.491	2454.924	2427.598	2427.598	2393.678	2243.664	2154.623	2119.205	2216.928	2279.345	2348.027	1530.836	1592.139	1535.648	1583.565	1583.565	1590.948	1567.842	1563.368	1543.507	1542.387	1917.502	1958.611	1983.203	1998.170	2016.433	2022.487	2028.885	2028.872	2028.992
939.637	1761.137	1761.137	1775.663	1770.413	1893.252	1895.302	1886.502	1890.164	1908.885	1826.250	1849.020	1786.156	1763.927	1672.950	78.160	62.057	0.000	16.902	16.902	16.902	28.325	78.951	168.264	365.813	438.927	555.851	607.189	607.189	649.701	651.112	211.074	228.534	212.551	204.812	2209.930	2218.366	2236.651	2199.102	2199.102	2235.627	2236.832	2200.108	2104.834	1923.438	1951.962	1994.141	1973.779	1964.637	999.525	1013.106	1057.165	1092.870	1099.704	1100.801	1104.687	1105.944	1167.033	1222.072	1318.084	1381.711	1388.889	1397.941	1413.633	1094.980	1138.817	1165.037	1160.971	1157.410	1173.009	2418.369	2414.428	2385.938	2385.938	2351.418	2198.745	2107.808	2071.590	2173.395	2237.028	2307.347	1496.903	1563.680	1506.796	1555.602	1555.602	1563.237	1561.651	1558.839	1541.139	1540.899	1855.884	1896.974	1921.513	1936.362	1954.438	1960.476	1966.829	1966.815	1966.939
951.318	1764.387	1764.387	1778.404	1772.822	1895.235	1897.140	1887.696	1891.234	1909.582	1828.848	1852.385	1789.790	1767.606	1676.890	95.062	78.959	16.902	0.000	0.000	0.000	17.176	62.798	151.912	354.668	425.358	543.102	595.088	595.088	638.406	639.842	194.704	220.308	208.799	203.252	2205.566	2213.779	2231.621	2193.943	2193.943	2229.716	2230.586	2193.691	2098.069	1915.812	1943.918	1985.229	1964.643	1955.458	982.630	996.211	1040.269	1075.968	1082.822	1083.936	1087.883	1089.139	1150.219	1205.404	1301.659	1365.667	1372.930	1382.087	1397.956	1078.740	1122.822	1149.296	1145.174	1141.564	1157.035	2407.603	2403.558	2374.746	2374.746	2340.061	2186.656	2095.194	2058.755	2161.695	2225.662	2296.433	1487.975	1556.267	1499.287	1548.329	1548.329	1556.032	1560.388	1558.032	1540.926	1540.927	1839.106	1880.191	1904.715	1919.530	1937.553	1943.586	1949.927	1949.913	1950.038
951.318	1764.387	1764.387	1778.404	1772.822	1895.235	1897.140	1887.696	1891.234	1909.582	1828.848	1852.385	1789.790	1767.606	1676.890	95.062	78.959	16.902	0.000	0.000	0.000	17.176	62.798	151.912	354.668	425.358	543.102	595.088	595.088	638.406	639.842	194.704	220.308	208.799	203.252	2205.566	2213.779	2231.621	2193.943	2193.943	2229.716	2230.586	2193.691	2098.069	1915.812	1943.918	1985.229	1964.643	1955.458	982.630	996.211	1040.269	1075.968	1082.822	1083.936	1087.883	1089.139	1150.219	1205.404	1301.659	1365.667	1372.930	1382.087	1397.956	1078.740	1122.822	1149.296	1145.174	1141.564	1157.035	2407.603	2403.558	2374.746	2374.746	2340.061	2186.656	2095.194	2058.755	2161.695	2225.662	2296.433	1487.975	1556.267	1499.287	1548.329	1548.329	1556.032	1560.388	1558.032	1540.926	1540.927	1839.106	1880.191	1904.715	1919.530	1937.553	1943.586	1949.927	1949.913	1950.038
951.318	1764.387	1764.387	1778.404	1772.822	1895.235	1897.140	1887.696	1891.234	1909.582	1828.848	1852.385	1789.790	1767.606	1676.890	95.062	78.959	16.902	0.000	0.000	0.000	17.176	62.798	151.912	354.668	425.358	543.102	595.088	595.088	638.406	639.842	194.704	220.308	208.799	203.252	2205.566	2213.779	2231.621	2193.943	2193.943	2229.716	2230.586	2193.691	2098.069	1915.812	1943.918	1985.229	1964.643	1955.458	982.630	996.211	1040.269	1075.968	1082.822	1083.936	1087.883	1089.139	1150.219	1205.404	1301.659	1365.667	1372.930	1382.087	1397.956	1078.740	1122.822	1149.296	1145.174	1141.564	1157.035	2407.603	2403.558	2374.746	2374.746	2340.061	2186.656	2095.194	2058.755	2161.695	2225.662	2296.433	1487.975	1556.267	1499.287	1548.329	1548.329	1556.032	1560.388	1558.032	1540.926	1540.927	1839.106	1880.191	1904.715	1919.530	1937.553	1943.586	1949.927	1949.913	1950.038
967.304	1781.247	1781.247	1795.155	1789.496	1911.797	1913.661	1904.026	1907.525	1925.749	1845.566	1869.266	1806.720	1784.545	1693.872	102.850	86.976	28.325	17.176	17.176	17.176	0.000	52.948	142.014	362.874	430.077	548.985	601.844	601.844	646.171	647.636	184.761	203.196	192.022	187.150	2219.274	2227.344	2244.893	2207.128	2207.128	2242.369	2242.990	2205.965	2110.076	1927.118	1954.857	1995.361	1974.557	1965.330	975.746	989.331	1033.403	1069.507	1077.182	1078.583	1083.209	1084.463	1145.440	1201.710	1299.171	1364.582	1372.110	1381.582	1397.955	1077.013	1121.920	1149.148	1144.868	1141.115	1156.196	2415.754	2411.589	2382.393	2382.393	2347.507	2193.164	2100.976	2064.214	2168.716	2233.102	2304.415	1498.125	1567.774	1510.718	1559.954	1559.954	1567.713	1575.790	1573.633	1556.770	1556.862	1830.727	1871.851	1896.493	1911.607	1930.342	1936.475	1943.365	1943.383	1943.732
1007.839	1797.187	1797.187	1809.556	1802.903	1923.843	1925.264	1913.673	1916.792	1933.863	1859.509	1885.503	1823.795	1801.769	1711.927	155.728	139.785	78.951	62.798	62.798	62.798	52.948	0.000	89.352	337.329	394.231	515.471	570.469	570.469	617.521	619.069	132.160	180.035	185.723	188.714	2211.397	2218.748	2234.868	2196.707	2196.707	2229.504	2229.040	2191.473	2094.500	1908.821	1935.158	1972.752	1951.210	1941.845	922.972	936.558	980.631	1016.866	1024.911	1026.474	1031.545	1032.797	1093.694	1150.818	1249.460	1316.554	1324.437	1334.345	1351.448	1028.247	1074.212	1102.507	1097.995	1094.037	1108.562	2386.702	2382.184	2351.894	2351.894	2316.451	2159.624	2065.626	2028.092	2136.540	2202.059	2274.897	1475.827	1550.449	1493.129	1543.098	1543.098	1551.074	1578.111	1577.368	1562.356	1563.187	1777.793	1818.914	1843.549	1858.660	1877.474	1883.627	1890.664	1890.692	1891.122
1084.987	1837.888	1837.888	1847.842	1839.644	1958.253	1958.971	1944.289	1946.797	1961.996	1897.000	1926.531	1866.210	1844.447	1756.026	244.854	228.988	168.264	151.912	151.912	151.912	142.014	89.352	0.000	321.995	354.577	477.819	536.272	536.272	588.073	589.763	42.811	162.021	197.104	211.960	2212.625	2218.738	2232.381	2193.587	2193.587	2222.107	2219.749	2181.281	2082.535	1892.319	1916.107	1948.390	1925.534	1915.932	835.883	849.468	893.539	930.354	939.784	941.889	948.351	949.597	1010.210	1069.731	1171.367	1242.468	1251.171	1262.076	1280.820	952.771	1001.216	1031.956	1026.916	1022.486	1035.682	2349.993	2344.820	2312.507	2312.507	2276.048	2114.644	2017.247	1978.244	2094.190	2161.790	2237.423	1453.026	1536.418	1478.781	1529.920	1529.920	1538.263	1597.544	1599.110	1587.134	1589.153	1688.991	1730.138	1754.857	1770.214	1789.749	1796.019	1803.760	1803.831	1804.581
981.845	1568.857	1568.857	1573.174	1561.656	1674.748	1674.082	1653.723	1655.143	1667.107	1620.252	1657.628	1601.122	1580.187	1496.174	422.353	410.124	365.813	354.668	354.668	354.668	362.874	337.329	321.995	0.000	110.169	198.486	243.636	243.636	283.895	285.301	323.826	483.979	512.817	521.789	1891.576	1897.354	1910.545	1871.686	1871.686	1900.238	1898.173	1859.900	1761.642	1573.379	1598.756	1635.432	1613.895	1604.542	810.339	822.982	864.192	889.573	879.637	875.113	866.035	867.279	927.798	961.873	1036.056	1078.514	1082.099	1087.004	1096.347	807.327	837.986	853.542	851.607	849.999	870.484	2052.978	2048.899	2020.152	2020.152	1985.606	1833.778	1744.552	1709.381	1807.778	1871.216	1941.767	1138.564	1216.147	1158.623	1209.302	1209.302	1217.513	1291.555	1296.185	1288.735	1292.623	1671.217	1710.793	1732.423	1740.675	1743.841	1747.800	1743.359	1742.751	1738.619
1087.155	1624.165	1624.165	1625.108	1611.550	1720.415	1718.770	1694.227	1694.771	1703.987	1670.663	1712.596	1658.480	1638.096	1556.836	504.300	490.525	438.927	425.358	425.358	425.358	430.077	394.231	354.577	110.169	0.000	123.245	182.256	182.256	236.680	238.470	342.839	512.037	551.677	565.508	1888.492	1892.463	1902.041	1862.389	1862.389	1884.689	1879.902	1840.420	1739.824	1545.338	1566.910	1595.789	1572.360	1562.667	704.392	716.830	757.451	781.701	770.529	765.689	756.079	757.321	817.762	851.843	927.392	972.777	977.052	982.842	993.744	698.730	731.227	748.894	746.487	744.472	764.109	1996.080	1991.111	1959.607	1959.607	1923.656	1765.478	1671.563	1634.378	1742.962	1809.308	1883.736	1101.889	1192.967	1135.206	1187.488	1187.488	1196.232	1319.277	1327.291	1324.416	1330.002	1562.972	1602.396	1623.811	1631.657	1634.126	1638.011	1633.291	1632.672	1628.483
1115.564	1562.770	1562.770	1559.991	1544.309	1648.396	1645.779	1617.253	1616.967	1623.608	1603.731	1650.466	1599.273	1579.610	1501.956	617.408	604.412	555.851	543.102	543.102	543.102	548.985	515.471	477.819	198.486	123.245	0.000	61.048	61.048	119.456	121.351	465.366	634.812	674.921	688.677	1779.001	1782.025	1789.798	1749.816	1749.816	1769.325	1763.457	1723.549	1622.191	1425.850	1446.351	1473.577	1449.870	1440.132	695.220	706.521	743.709	761.598	742.011	734.305	717.843	719.032	777.116	798.483	859.962	892.285	894.364	897.597	904.543	632.622	655.710	665.969	665.028	664.348	686.863	1873.061	1868.171	1836.992	1836.992	1801.253	1644.465	1552.101	1515.739	1621.071	1686.879	1760.810	980.595	1075.585	1017.860	1070.634	1070.634	1079.567	1232.472	1243.341	1244.571	1251.697	1535.071	1573.417	1593.352	1598.244	1594.093	1597.012	1587.455	1586.570	1580.469
1115.428	1519.402	1519.402	1515.090	1498.560	1600.623	1597.626	1567.581	1566.979	1572.640	1558.038	1606.684	1556.770	1537.435	1461.423	665.875	653.450	607.189	595.088	595.088	595.088	601.844	570.469	536.272	243.636	182.256	61.048	0.000	0.000	59.454	61.366	525.068	694.290	733.254	746.352	1718.933	1721.771	1729.231	1689.200	1689.200	1708.373	1702.434	1662.512	1561.143	1364.910	1385.612	1413.574	1390.104	1380.411	717.332	727.993	763.219	777.898	754.322	745.233	725.369	726.519	782.800	796.973	849.717	873.579	874.192	875.688	879.877	625.221	642.073	647.272	647.339	647.569	671.778	1816.482	1811.832	1781.445	1781.445	1746.136	1591.584	1501.212	1465.808	1566.894	1631.735	1704.520	920.074	1014.540	956.817	1009.606	1009.606	1018.548	1179.504	1191.421	1194.216	1201.930	1543.984	1581.697	1600.835	1604.198	1596.591	1598.993	1586.861	1585.833	1578.705
1115.428	1519.402	1519.402	1515.090	1498.560	1600.623	1597.626	1567.581	1566.979	1572.640	1558.038	1606.684	1556.770	1537.435	1461.423	665.875	653.450	607.189	595.088	595.088	595.088	601.844	570.469	536.272	243.636	182.256	61.048	0.000	0.000	59.454	61.366	525.068	694.290	733.254	746.352	1718.933	1721.771	1729.231	1689.200	1689.200	1708.373	1702.434	1662.512	1561.143	1364.910	1385.612	1413.574	1390.104	1380.411	717.332	727.993	763.219	777.898	754.322	745.233	725.369	726.519	782.800	796.973	849.717	873.579	874.192	875.688	879.877	625.221	642.073	647.272	647.339	647.569	671.778	1816.482	1811.832	1781.445	1781.445	1746.136	1591.584	1501.212	1465.808	1566.894	1631.735	1704.520	920.074	1014.540	956.817	1009.606	1009.606	1018.548	1179.504	1191.421	1194.216	1201.930	1543.984	1581.697	1600.835	1604.198	1596.591	1598.993	1586.861	1585.833	1578.705
1102.886	1468.442	1468.442	1463.019	1445.894	1546.526	1543.277	1512.254	1511.452	1516.509	1505.387	1555.380	1506.430	1487.351	1412.628	704.856	693.131	649.701	638.406	638.406	638.406	646.171	617.521	588.073	283.895	236.680	119.456	59.454	59.454	0.000	1.912	578.904	747.507	784.539	796.625	1659.682	1662.621	1670.345	1630.371	1630.371	1650.228	1644.660	1604.902	1503.863	1308.703	1330.280	1360.366	1337.470	1327.880	755.887	766.012	799.564	811.628	784.898	774.701	752.062	753.170	807.596	815.261	859.478	874.738	873.826	873.491	874.718	639.157	649.806	649.826	650.933	652.091	677.824	1769.705	1765.451	1736.341	1736.341	1701.719	1550.597	1463.126	1429.074	1524.002	1587.327	1658.259	865.612	957.091	899.342	951.921	951.921	960.786	1122.304	1134.821	1138.578	1146.667	1569.695	1606.805	1625.215	1627.212	1616.495	1618.420	1603.931	1602.773	1594.696
1102.533	1466.814	1466.814	1461.354	1444.209	1544.793	1541.536	1510.480	1509.672	1514.708	1503.702	1553.740	1504.823	1485.752	1411.073	706.156	694.453	651.112	639.842	639.842	639.842	647.636	619.069	589.763	285.301	238.470	121.351	61.366	61.366	1.912	0.000	580.653	749.234	786.207	798.262	1657.777	1660.720	1668.452	1628.481	1628.481	1648.360	1642.804	1603.052	1502.024	1306.901	1328.507	1358.664	1335.787	1326.201	757.172	767.279	800.779	812.762	785.936	775.706	752.982	754.089	808.453	815.914	859.859	874.843	873.882	873.487	874.619	639.691	650.143	649.998	651.138	652.326	678.104	1768.214	1763.972	1734.905	1734.905	1700.306	1549.299	1461.925	1427.919	1522.641	1585.916	1656.785	863.871	955.248	897.498	950.070	950.070	958.932	1120.468	1133.006	1136.795	1144.897	1570.552	1607.642	1626.028	1627.983	1617.167	1619.077	1604.513	1603.351	1595.244
1122.858	1859.092	1859.092	1867.927	1859.022	1976.477	1976.869	1960.760	1962.982	1977.299	1916.687	1947.831	1888.184	1866.556	1778.842	287.575	271.737	211.074	194.704	194.704	194.704	184.761	132.160	42.811	323.826	342.839	465.366	525.068	525.068	578.904	580.653	0.000	169.620	215.368	234.160	2215.063	2220.580	2233.029	2193.953	2193.953	2220.402	2217.132	2178.252	2078.710	1886.430	1908.960	1938.627	1915.145	1905.433	794.480	808.061	852.121	889.263	899.482	901.893	909.135	910.377	970.806	1031.627	1134.839	1208.046	1217.179	1228.606	1248.204	917.826	967.572	999.598	994.279	989.600	1002.067	2333.945	2328.451	2295.153	2295.153	2258.208	2094.609	1995.564	1955.847	2075.472	2144.070	2221.048	1444.497	1532.068	1474.348	1525.993	1525.993	1534.503	1609.081	1611.726	1601.177	1603.748	1646.535	1687.696	1712.465	1727.959	1747.895	1754.228	1762.352	1762.446	1763.370
1163.908	1977.220	1977.220	1989.492	1982.699	2103.334	2104.635	2092.375	2095.337	2111.877	2039.385	2065.537	2003.803	1981.767	1891.842	277.006	265.865	228.534	220.308	220.308	220.308	203.196	180.035	162.021	483.979	512.037	634.812	694.290	694.290	747.507	749.234	169.620	0.000	63.163	90.673	2373.937	2380.239	2394.172	2355.431	2355.431	2384.128	2381.736	2343.229	2244.367	2053.600	2076.883	2107.683	2084.382	2074.698	897.237	910.588	953.945	994.373	1011.956	1016.837	1029.645	1030.849	1089.518	1157.977	1268.500	1349.768	1360.349	1373.438	1395.569	1058.983	1112.844	1148.505	1142.431	1137.059	1147.270	2503.162	2497.572	2463.912	2463.912	2426.753	2261.869	2161.499	2121.105	2243.583	2312.683	2390.174	1613.055	1698.119	1640.458	1691.709	1691.709	1700.084	1752.557	1752.887	1739.117	1740.386	1724.878	1766.258	1792.170	1810.771	1837.900	1845.193	1858.584	1858.973	1861.995
1131.295	1973.169	1973.169	1987.176	1981.496	2103.668	2105.463	2095.371	2098.753	2116.568	2037.586	2061.146	1998.462	1976.259	1885.402	244.780	236.392	212.551	208.799	208.799	208.799	192.022	185.723	197.104	512.817	551.677	674.921	733.254	733.254	784.539	786.207	215.368	63.163	0.000	28.021	2395.969	2403.031	2418.472	2380.110	2380.110	2411.373	2410.101	2372.116	2274.261	2086.025	2110.759	2144.531	2121.936	2112.376	960.355	973.712	1017.084	1057.467	1074.818	1079.581	1092.039	1093.246	1152.067	1219.925	1329.626	1409.562	1419.844	1432.565	1454.079	1118.728	1171.733	1206.477	1200.609	1195.418	1206.198	2546.887	2541.637	2509.011	2509.011	2472.354	2309.684	2210.921	2171.208	2290.059	2358.143	2434.235	1648.675	1728.959	1671.440	1722.064	1722.064	1730.237	1763.274	1762.106	1746.357	1746.838	1787.215	1828.599	1854.577	1873.357	1900.816	1908.143	1921.678	1922.073	1925.129
1112.418	1965.670	1965.670	1980.420	1975.223	2098.026	2100.036	2090.895	2094.460	2112.831	2031.038	2053.474	1990.402	1968.134	1876.909	228.739	221.777	204.812	203.252	203.252	203.252	187.150	188.714	211.960	521.789	565.508	688.677	746.352	746.352	796.625	798.262	234.160	90.673	28.021	0.000	2400.015	2407.430	2423.575	2385.399	2385.399	2417.868	2417.130	2379.401	2282.049	2095.077	2120.509	2155.733	2133.494	2123.998	987.415	1000.790	1044.217	1084.462	1101.415	1106.024	1118.096	1119.307	1178.283	1245.554	1354.565	1433.519	1443.596	1456.068	1477.172	1142.698	1195.124	1229.274	1223.536	1218.461	1229.606	2561.502	2556.429	2524.347	2524.347	2487.959	2326.485	2228.602	2189.267	2306.150	2373.689	2449.040	1659.415	1737.353	1679.924	1730.229	1730.229	1738.302	1762.336	1760.500	1743.875	1744.005	1815.167	1856.551	1882.515	1901.249	1928.557	1935.859	1949.235	1949.620	1952.601
1896.807	994.294	994.294	938.245	905.852	831.296	814.782	746.524	732.209	686.673	911.613	991.267	1029.763	1038.519	1084.688	2231.663	2226.978	2209.930	2205.566	2205.566	2205.566	2219.274	2211.397	2212.625	1891.576	1888.492	1779.001	1718.933	1718.933	1659.682	1657.777	2215.063	2373.937	2395.969	2400.015	0.000	31.439	94.922	108.571	108.571	214.773	261.710	282.602	341.104	513.626	551.092	652.058	686.460	694.067	2201.770	2204.406	2213.511	2195.546	2143.341	2124.801	2081.179	2081.495	2097.719	2030.687	1954.602	1852.178	1831.614	1806.963	1767.023	1892.127	1836.954	1785.109	1796.015	1805.792	1830.868	1004.783	1020.803	1065.073	1065.073	1081.191	1164.963	1239.124	1272.597	1090.424	1047.567	990.256	892.761	739.828	792.410	738.456	738.456	728.232	733.211	760.018	808.469	823.541	2674.302	2694.108	2696.540	2674.618	2611.956	2605.085	2552.252	2549.045	2526.061
1917.235	1023.114	1023.114	967.083	934.493	861.311	844.785	776.212	761.894	716.446	941.026	1021.081	1058.966	1067.483	1112.621	2241.114	2236.223	2218.366	2213.779	2213.779	2213.779	2227.344	2218.748	2218.738	1897.354	1892.463	1782.025	1721.771	1721.771	1662.621	1660.720	2220.580	2380.239	2403.031	2407.430	31.439	0.000	63.483	80.373	80.373	184.017	231.135	253.465	316.698	496.171	531.259	629.318	664.172	672.032	2195.980	2198.429	2206.930	2188.393	2135.932	2117.327	2073.548	2073.846	2089.205	2021.202	1943.518	1839.947	1819.245	1794.424	1754.199	1884.491	1828.644	1776.424	1787.383	1797.206	1821.997	974.562	990.682	1035.423	1035.423	1051.995	1138.137	1213.938	1248.087	1063.724	1019.745	961.236	885.597	735.632	789.147	734.954	734.954	724.811	753.055	780.880	830.199	845.699	2659.588	2679.017	2681.157	2658.889	2595.555	2588.561	2535.287	2532.059	2508.919
1959.372	1081.753	1081.753	1025.779	992.843	922.209	905.664	836.549	822.232	776.965	1000.794	1081.564	1118.304	1126.372	1169.567	2261.410	2256.110	2236.651	2231.621	2231.621	2231.621	2244.893	2234.868	2232.381	1910.545	1902.041	1789.798	1729.231	1729.231	1670.345	1668.452	2233.029	2394.172	2418.472	2423.575	94.922	63.483	0.000	41.566	41.566	122.969	170.359	196.803	271.855	465.425	494.891	585.858	621.584	629.975	2185.620	2187.686	2194.955	2175.263	2122.312	2103.587	2059.516	2059.777	2073.360	2003.417	1922.508	1816.658	1795.687	1770.536	1729.755	1870.590	1813.409	1760.467	1771.524	1781.435	1805.621	913.790	930.128	975.894	975.894	993.459	1084.724	1164.009	1199.580	1010.642	964.245	903.130	874.405	731.218	786.357	731.958	731.958	722.038	795.408	825.053	875.876	892.141	2630.772	2649.421	2650.960	2627.988	2563.294	2556.049	2501.885	2498.613	2475.160
1932.876	1072.292	1072.292	1016.480	983.033	917.205	900.644	830.498	816.212	771.403	993.392	1075.468	1109.987	1117.277	1157.475	2224.473	2219.044	2199.102	2193.943	2193.943	2193.943	2207.128	2196.707	2193.587	1871.686	1862.389	1749.816	1689.200	1689.200	1630.371	1628.481	2193.953	2355.431	2380.110	2385.399	108.571	80.373	41.566	0.000	0.000	110.333	155.747	174.089	237.955	426.076	457.342	551.604	586.893	595.018	2144.059	2146.131	2153.427	2133.775	2080.845	2062.125	2018.067	2018.330	2032.023	1962.239	1881.693	1776.173	1755.245	1730.147	1689.460	1829.130	1772.023	1719.127	1730.178	1740.084	1764.314	897.006	912.876	956.686	956.686	972.633	1057.777	1134.096	1168.632	983.380	939.467	881.686	832.840	689.904	745.160	690.761	690.761	680.865	770.056	800.931	852.789	869.625	2591.443	2610.285	2611.979	2589.194	2524.883	2517.712	2463.818	2460.559	2437.204
1932.876	1072.292	1072.292	1016.480	983.033	917.205	900.644	830.498	816.212	771.403	993.392	1075.468	1109.987	1117.277	1157.475	2224.473	2219.044	2199.102	2193.943	2193.943	2193.943	2207.128	2196.707	2193.587	1871.686	1862.389	1749.816	1689.200	1689.200	1630.371	1628.481	2193.953	2355.431	2380.110	2385.399	108.571	80.373	41.566	0.000	0.000	110.333	155.747	174.089	237.955	426.076	457.342	551.604	586.893	595.018	2144.059	2146.131	2153.427	2133.775	2080.845	2062.125	2018.067	2018.330	2032.023	1962.239	1881.693	1776.173	1755.245	1730.147	1689.460	1829.130	1772.023	1719.127	1730.178	1740.084	1764.314	897.006	912.876	956.686	956.686	972.633	1057.777	1134.096	1168.632	983.380	939.467	881.686	832.840	689.904	745.160	690.761	690.761	680.865	770.056	800.931	852.789	869.625	2591.443	2610.285	2611.979	2589.194	2524.883	2517.712	2463.818	2460.559	2437.204
2010.053	1176.743	1176.743	1121.128	1087.294	1024.905	1008.350	937.682	923.430	878.943	1099.516	1182.394	1215.323	1221.985	1259.373	2264.400	2258.281	2235.627	2229.716	2229.716	2229.716	2242.369	2229.504	2222.107	1900.238	1884.689	1769.325	1708.373	1708.373	1650.228	1648.360	2220.402	2384.128	2411.373	2417.868	214.773	184.017	122.969	110.333	110.333	0.000	47.391	79.767	176.496	388.013	405.830	482.574	519.300	528.465	2130.375	2131.756	2136.827	2115.140	2061.435	2042.537	1998.048	1998.243	2008.702	1935.556	1849.324	1739.880	1718.510	1692.867	1651.262	1809.804	1750.437	1696.381	1707.579	1717.615	1740.676	790.926	807.209	852.966	852.966	870.814	965.887	1048.914	1086.162	892.221	843.576	780.698	824.489	696.500	753.673	699.936	699.936	690.653	852.857	886.103	939.727	957.559	2543.819	2561.229	2561.834	2537.791	2471.068	2463.446	2407.980	2404.646	2380.743
2031.052	1214.570	1214.570	1159.144	1125.044	1065.526	1048.986	977.888	963.678	919.512	1138.710	1222.226	1253.811	1259.979	1295.306	2267.127	2260.697	2236.832	2230.586	2230.586	2230.586	2242.990	2229.040	2219.749	1898.173	1879.902	1763.457	1702.434	1702.434	1644.660	1642.804	2217.132	2381.736	2410.101	2417.130	261.710	231.135	170.359	155.747	155.747	47.391	0.000	44.116	150.637	364.736	376.471	445.315	482.331	491.830	2110.423	2111.531	2115.722	2093.253	2039.285	2020.332	1975.709	1975.879	1985.076	1910.697	1822.380	1711.564	1690.048	1664.228	1622.322	1787.901	1727.710	1673.260	1684.503	1694.579	1717.163	743.595	759.849	805.589	805.589	823.558	920.321	1004.977	1042.944	846.868	797.215	733.540	809.232	688.333	745.918	692.841	692.841	683.892	878.426	912.802	967.222	985.547	2510.963	2527.869	2528.097	2503.631	2436.110	2428.339	2372.363	2369.004	2344.926
2008.139	1211.454	1211.454	1156.378	1121.917	1067.158	1050.666	978.924	964.808	921.279	1137.828	1222.309	1251.675	1257.071	1289.348	2231.209	2224.612	2200.108	2193.691	2193.691	2193.691	2205.965	2191.473	2181.281	1859.900	1840.420	1723.549	1662.512	1662.512	1604.902	1603.052	2178.252	2343.229	2372.116	2379.401	282.602	253.465	196.803	174.089	174.089	79.767	44.116	0.000	106.805	320.814	332.491	403.779	440.655	449.985	2066.639	2067.713	2071.805	2049.266	1995.279	1976.322	1931.690	1931.857	1940.986	1866.581	1778.316	1667.605	1646.104	1620.302	1578.430	1743.919	1683.669	1629.197	1640.443	1650.520	1673.081	723.724	739.370	782.639	782.639	798.612	888.229	969.734	1006.661	814.302	767.464	707.778	766.515	648.045	705.728	652.987	652.987	644.190	860.880	896.341	951.495	970.315	2467.865	2484.919	2485.265	2460.940	2393.708	2385.996	2330.227	2326.879	2302.876
1943.466	1196.153	1196.153	1142.238	1107.115	1064.247	1047.991	975.252	961.485	919.892	1128.362	1214.689	1238.528	1242.032	1266.785	2137.575	2130.636	2104.834	2098.069	2098.069	2098.069	2110.076	2094.500	2082.535	1761.642	1739.824	1622.191	1561.143	1561.143	1503.863	1502.024	2078.710	2244.367	2274.261	2282.049	341.104	316.698	271.855	237.955	237.955	176.496	150.637	106.805	0.000	214.106	229.399	314.030	349.740	358.196	1959.841	1960.925	1965.085	1942.648	1888.703	1869.755	1825.146	1825.318	1834.746	1760.743	1673.438	1563.566	1542.164	1516.487	1474.833	1637.292	1577.192	1522.807	1534.042	1544.111	1566.794	699.092	712.862	748.766	748.766	758.951	826.817	898.099	931.557	751.990	714.146	666.906	660.672	546.861	604.621	552.722	552.722	544.285	813.046	850.848	907.338	927.219	2367.905	2385.553	2386.366	2362.592	2296.475	2288.981	2233.992	2230.683	2206.959
1835.537	1205.100	1205.100	1154.864	1119.343	1101.188	1085.864	1013.500	1000.882	964.504	1150.691	1238.572	1250.855	1250.462	1259.289	1960.209	1952.434	1923.438	1915.812	1915.812	1915.812	1927.118	1908.821	1892.319	1573.379	1545.338	1425.850	1364.910	1364.910	1308.703	1306.901	1886.430	2053.600	2086.025	2095.077	513.626	496.171	465.425	426.076	426.076	388.013	364.736	320.814	214.106	0.000	61.074	184.477	206.290	209.536	1745.933	1746.955	1750.994	1728.551	1674.625	1655.682	1611.087	1611.263	1620.989	1547.549	1461.872	1353.620	1332.425	1307.010	1265.821	1423.193	1363.189	1308.891	1320.115	1330.174	1352.995	686.910	695.795	713.664	713.664	710.578	725.141	769.394	793.542	651.631	637.380	621.959	452.643	360.474	416.791	369.845	369.845	363.176	765.567	806.907	863.987	885.461	2165.399	2184.211	2185.951	2163.299	2099.493	2092.452	2039.118	2035.891	2012.773
1886.405	1266.168	1266.168	1215.903	1180.380	1161.585	1146.209	1073.766	1061.082	1024.398	1211.577	1299.454	1311.909	1311.534	1320.232	1990.606	1982.454	1951.962	1943.918	1943.918	1943.918	1954.857	1935.158	1916.107	1598.756	1566.910	1446.351	1385.612	1385.612	1330.280	1328.507	1908.960	2076.883	2110.759	2120.509	551.092	531.259	494.891	457.342	457.342	405.830	376.471	332.491	229.399	61.074	0.000	124.085	148.489	152.966	1742.637	1743.186	1745.692	1721.900	1667.557	1648.533	1603.739	1603.868	1611.312	1535.649	1446.064	1335.115	1313.621	1287.836	1246.013	1416.839	1355.388	1300.412	1311.709	1321.832	1343.732	627.386	635.927	652.917	652.917	649.542	666.168	714.084	740.040	592.336	576.622	561.058	467.020	394.824	449.066	405.871	405.871	400.262	825.445	866.902	923.915	945.443	2138.799	2156.671	2157.696	2134.212	2068.799	2061.459	2007.064	2003.785	1980.292
1978.175	1388.632	1388.632	1338.730	1303.228	1285.591	1270.236	1197.818	1185.149	1148.480	1335.028	1422.911	1434.589	1433.888	1440.879	2036.670	2027.735	1994.141	1985.229	1985.229	1985.229	1995.361	1972.752	1948.390	1635.432	1595.789	1473.577	1413.574	1413.574	1360.366	1358.664	1938.627	2107.683	2144.531	2155.733	652.058	629.318	585.858	551.604	551.604	482.574	445.315	403.779	314.030	184.477	124.085	0.000	37.195	47.342	1719.920	1719.511	1718.927	1692.516	1637.544	1618.434	1573.429	1573.462	1576.302	1496.525	1399.565	1283.827	1261.860	1235.486	1192.656	1389.441	1325.432	1269.436	1280.806	1290.993	1310.903	516.518	523.356	535.235	535.235	529.136	542.727	595.536	624.433	468.649	452.989	442.381	497.254	465.330	513.621	478.885	478.885	475.386	942.063	983.838	1040.559	1062.238	2069.107	2085.155	2084.819	2059.799	1991.459	1983.569	1927.272	1923.902	1899.747
1974.454	1405.307	1405.307	1356.036	1320.586	1306.143	1290.942	1218.765	1206.271	1170.327	1353.610	1441.474	1451.596	1450.372	1455.144	2017.332	2008.187	1973.779	1964.643	1964.643	1964.643	1974.557	1951.210	1925.534	1613.895	1572.360	1449.870	1390.104	1390.104	1337.470	1335.787	1915.145	2084.382	2121.936	2133.494	686.460	664.172	621.584	586.893	586.893	519.300	482.331	440.655	349.740	206.290	148.489	37.195	0.000	10.903	1686.650	1686.110	1685.113	1658.377	1603.347	1584.234	1539.220	1539.241	1541.533	1461.336	1363.695	1247.596	1225.600	1199.190	1156.300	1355.692	1291.386	1235.295	1246.667	1256.856	1276.509	514.498	520.000	527.271	527.271	518.050	518.943	566.001	593.186	445.669	436.007	433.850	477.432	457.749	503.544	471.983	471.983	469.248	953.083	995.044	1051.456	1073.228	2031.937	2047.967	2047.625	2022.607	1954.297	1946.416	1890.161	1886.794	1862.657
1969.102	1405.916	1405.916	1356.857	1321.429	1308.060	1292.915	1220.831	1208.399	1172.712	1354.854	1442.702	1452.308	1450.914	1454.976	2008.388	1999.202	1964.637	1955.458	1955.458	1955.458	1965.330	1941.845	1915.932	1604.542	1562.667	1440.132	1380.411	1380.411	1327.880	1326.201	1905.433	2074.698	2112.376	2123.998	694.067	672.032	629.975	595.018	595.018	528.465	491.830	449.985	358.196	209.536	152.966	47.342	10.903	0.000	1675.757	1675.214	1674.211	1647.476	1592.446	1573.332	1528.318	1528.340	1530.648	1450.478	1352.921	1236.898	1214.909	1188.509	1145.636	1344.790	1280.484	1224.393	1235.765	1245.954	1265.611	518.905	524.041	530.003	530.003	519.857	516.441	561.118	587.505	443.535	436.014	436.515	468.581	451.771	496.902	466.164	466.164	463.628	951.999	994.007	1050.311	1072.106	2021.850	2037.959	2037.679	2012.733	1944.567	1936.715	1880.562	1877.199	1853.100
1791.496	2204.331	2204.331	2193.223	2172.691	2262.140	2256.782	2216.741	2213.793	2211.622	2231.817	2289.116	2244.892	2226.957	2157.166	1077.656	1061.559	999.525	982.630	982.630	982.630	975.746	922.972	835.883	810.339	704.392	695.220	717.332	717.332	755.887	757.172	794.480	897.237	960.355	987.415	2201.770	2195.980	2185.620	2144.059	2144.059	2130.375	2110.423	2066.639	1959.841	1745.933	1742.637	1719.920	1686.650	1675.757	0.000	13.586	57.662	97.494	128.692	141.626	176.577	177.290	218.070	308.714	439.844	557.032	575.711	598.496	636.236	333.828	401.609	458.147	446.986	436.996	423.682	1965.874	1954.557	1904.278	1904.278	1860.137	1664.217	1539.619	1488.600	1672.186	1755.503	1853.481	1311.262	1462.717	1412.262	1465.274	1465.274	1475.609	1809.981	1830.726	1845.485	1857.106	865.590	905.953	929.005	940.890	955.206	961.065	967.884	967.969	969.023
1803.972	2212.553	2212.553	2201.173	2180.494	2269.454	2264.016	2223.661	2220.638	2218.223	2239.586	2297.209	2253.239	2235.371	2165.890	1091.238	1075.141	1013.106	996.211	996.211	996.211	989.331	936.558	849.468	822.982	716.830	706.521	727.993	727.993	766.012	767.279	808.061	910.588	973.712	1000.790	2204.406	2198.429	2187.686	2146.131	2146.131	2131.756	2111.531	2067.713	1960.925	1746.955	1743.186	1719.511	1686.110	1675.214	13.586	0.000	44.075	84.513	118.527	132.457	169.312	169.955	208.178	299.808	431.252	549.508	568.434	591.499	629.659	331.917	399.142	455.762	444.542	434.495	420.348	1962.142	1950.718	1900.144	1900.144	1855.905	1659.551	1534.573	1483.381	1668.094	1751.607	1849.894	1313.427	1465.624	1415.430	1468.328	1468.328	1478.669	1816.581	1837.563	1852.671	1864.407	852.360	892.692	915.691	927.475	941.647	947.495	954.300	954.387	955.456
1844.555	2239.584	2239.584	2227.337	2206.193	2293.575	2287.884	2246.527	2243.268	2240.071	2265.166	2323.815	2280.667	2263.015	2194.530	1135.299	1119.201	1057.165	1040.269	1040.269	1040.269	1033.403	980.631	893.539	864.192	757.451	743.709	763.219	763.219	799.564	800.779	852.121	953.945	1017.084	1044.217	2213.511	2206.930	2194.955	2153.427	2153.427	2136.827	2115.722	2071.805	1965.085	1750.994	1745.692	1718.927	1685.113	1674.211	57.662	44.075	0.000	44.934	91.858	109.243	151.841	152.192	179.448	273.578	405.267	526.773	546.487	570.439	609.919	329.518	394.267	450.767	439.419	429.253	412.435	1950.636	1938.866	1887.346	1887.346	1842.800	1645.093	1518.927	1467.189	1655.519	1739.636	1838.899	1321.389	1475.878	1426.551	1479.050	1479.050	1489.406	1838.520	1860.254	1876.473	1888.572	809.524	849.743	872.557	883.991	897.666	903.480	910.235	910.326	911.446
1867.912	2241.363	2241.363	2228.019	2206.300	2291.710	2285.715	2243.176	2239.640	2235.529	2265.103	2325.023	2282.941	2265.576	2198.423	1171.030	1154.927	1092.870	1075.968	1075.968	1075.968	1069.507	1016.866	930.354	889.573	781.701	761.598	777.898	777.898	811.628	812.762	889.263	994.373	1057.467	1084.462	2195.546	2188.393	2175.263	2133.775	2133.775	2115.140	2093.253	2049.266	1942.648	1728.551	1721.900	1692.516	1658.377	1647.476	97.494	84.513	44.934	0.000	55.389	74.434	119.377	119.442	137.380	232.032	363.300	486.206	506.314	530.720	570.892	305.362	367.160	423.087	411.716	401.527	382.635	1915.879	1903.879	1851.743	1851.743	1807.008	1608.489	1481.621	1429.567	1620.137	1704.628	1804.523	1302.869	1459.423	1410.991	1463.054	1463.054	1473.416	1834.265	1856.868	1874.402	1886.933	781.751	821.511	843.600	853.508	863.950	869.342	873.970	873.947	874.274
1853.616	2202.652	2202.652	2188.348	2166.141	2249.874	2243.634	2200.164	2196.410	2191.594	2224.780	2285.780	2244.659	2227.558	2161.653	1177.777	1161.691	1099.704	1082.822	1082.822	1082.822	1077.182	1024.911	939.784	879.637	770.529	742.011	754.322	754.322	784.898	785.936	899.482	1011.956	1074.818	1101.415	2143.341	2135.932	2122.312	2080.845	2080.845	2061.435	2039.285	1995.279	1888.703	1674.625	1667.557	1637.544	1603.347	1592.446	128.692	118.527	91.858	55.389	0.000	19.116	64.136	64.149	89.681	182.466	314.222	434.988	454.644	478.584	518.138	251.776	312.397	368.125	356.759	346.575	327.349	1861.036	1849.101	1797.165	1797.165	1752.497	1554.307	1427.781	1375.901	1565.477	1649.852	1749.577	1250.583	1408.088	1360.140	1411.954	1411.954	1422.316	1790.684	1813.959	1832.543	1845.424	793.992	832.894	853.757	861.129	865.768	870.337	870.641	870.376	868.964
1847.209	2188.140	2188.140	2173.531	2151.172	2234.374	2228.058	2184.300	2180.480	2175.446	2209.755	2271.093	2230.280	2213.264	2147.763	1178.802	1162.730	1100.801	1083.936	1083.936	1083.936	1078.583	1026.474	941.889	875.113	765.689	734.305	745.233	745.233	774.701	775.706	901.893	1016.837	1079.581	1106.024	2124.801	2117.327	2103.587	2062.125	2062.125	2042.537	2020.332	1976.322	1869.755	1655.682	1648.533	1618.434	1584.234	1573.332	141.626	132.457	109.243	74.434	19.116	0.000	45.020	45.038	77.175	167.354	298.887	418.450	437.869	461.563	500.790	233.002	293.322	349.020	337.655	327.472	308.245	1842.485	1830.591	1778.770	1778.770	1734.140	1536.130	1409.784	1357.994	1547.038	1631.344	1730.964	1232.040	1389.794	1341.981	1393.724	1393.724	1404.085	1774.668	1798.151	1817.063	1830.053	800.873	839.456	859.897	866.423	869.109	873.394	872.217	871.868	869.855
1832.818	2154.245	2154.245	2138.908	2116.182	2198.095	2191.596	2147.149	2143.168	2137.611	2174.625	2236.769	2196.701	2179.894	2115.373	1182.432	1166.410	1104.687	1087.883	1087.883	1087.883	1083.209	1031.545	948.351	866.035	756.079	717.843	725.369	725.369	752.062	752.982	909.135	1029.645	1092.039	1118.096	2081.179	2073.548	2059.516	2018.067	2018.067	1998.048	1975.709	1931.690	1825.146	1611.087	1603.739	1573.429	1539.220	1528.318	176.577	169.312	151.841	119.377	64.136	45.020	0.000	1.264	62.684	135.813	264.724	380.455	399.195	422.187	460.487	189.060	248.423	304.032	292.669	282.489	263.259	1798.844	1787.047	1735.508	1735.508	1690.973	1493.414	1367.520	1315.955	1503.679	1587.813	1687.172	1188.441	1346.800	1299.324	1350.888	1350.888	1361.247	1737.199	1761.181	1780.884	1794.136	818.614	856.399	875.836	880.406	878.571	882.190	877.563	877.021	873.606
1834.020	2155.083	2155.083	2139.722	2116.984	2198.850	2192.343	2147.869	2143.881	2138.302	2175.422	2237.593	2197.549	2180.748	2116.258	1183.689	1167.667	1105.944	1089.139	1089.139	1089.139	1084.463	1032.797	949.597	867.279	757.321	719.032	726.519	726.519	753.170	754.089	910.377	1030.849	1093.246	1119.307	2081.495	2073.846	2059.777	2018.330	2018.330	1998.243	1975.879	1931.857	1825.318	1611.263	1603.868	1573.462	1539.241	1528.340	177.290	169.955	152.192	119.442	64.149	45.038	1.264	0.000	61.420	134.820	263.852	379.746	398.519	421.548	459.901	189.370	248.527	304.086	292.725	282.546	263.209	1798.530	1786.722	1735.154	1735.154	1690.610	1493.010	1367.079	1315.496	1503.334	1587.487	1686.875	1188.763	1347.181	1299.735	1351.283	1351.283	1361.643	1737.907	1761.910	1781.644	1794.905	817.466	855.240	874.666	879.215	877.343	880.957	876.313	875.769	872.350
1892.541	2196.324	2196.324	2179.822	2156.494	2236.082	2229.240	2183.467	2179.161	2172.514	2214.676	2278.136	2239.254	2222.769	2159.705	1244.820	1228.790	1167.033	1150.219	1150.219	1150.219	1145.440	1093.694	1010.210	927.798	817.762	777.116	782.800	782.800	807.596	808.453	970.806	1089.518	1152.067	1178.283	2097.719	2089.205	2073.360	2032.023	2032.023	2008.702	1985.076	1940.986	1834.746	1620.989	1611.312	1576.302	1541.533	1530.648	218.070	208.178	179.448	137.380	89.681	77.175	62.684	61.420	0.000	94.682	225.993	349.077	369.412	394.145	434.921	213.064	261.002	312.896	301.868	292.008	268.035	1784.298	1771.971	1718.999	1718.999	1674.025	1474.533	1346.875	1294.488	1487.790	1572.775	1673.552	1205.876	1366.994	1321.022	1371.770	1371.770	1382.110	1773.080	1798.054	1819.255	1832.979	762.099	799.309	818.107	821.581	817.770	821.157	815.583	814.999	811.324
1912.053	2166.809	2166.809	2148.112	2123.695	2199.006	2191.577	2143.596	2138.752	2130.314	2181.320	2247.157	2210.606	2194.772	2134.719	1299.227	1283.321	1222.072	1205.404	1205.404	1205.404	1201.710	1150.818	1069.731	961.873	851.843	798.483	796.973	796.973	815.261	815.914	1031.627	1157.977	1219.925	1245.554	2030.687	2021.202	2003.417	1962.239	1962.239	1935.556	1910.697	1866.581	1760.743	1547.549	1535.649	1496.525	1461.336	1450.478	308.714	299.808	273.578	232.032	182.466	167.354	135.813	134.820	94.682	0.000	131.762	254.491	274.997	299.999	341.282	182.337	207.221	250.321	240.383	231.590	203.348	1693.222	1680.671	1627.132	1627.132	1582.003	1381.884	1253.711	1201.106	1396.266	1481.571	1582.938	1141.472	1305.440	1261.476	1311.058	1311.058	1321.346	1733.113	1759.717	1783.481	1798.018	765.902	800.651	816.797	815.590	801.337	803.165	789.901	788.893	782.162
1962.324	2148.659	2148.659	2126.792	2100.843	2169.562	2161.275	2110.114	2104.472	2093.345	2157.466	2226.619	2193.593	2178.760	2123.273	1394.185	1378.488	1318.084	1301.659	1301.659	1301.659	1299.171	1249.460	1171.367	1036.056	927.392	859.962	849.717	849.717	859.478	859.859	1134.839	1268.500	1329.626	1354.565	1954.602	1943.518	1922.508	1881.693	1881.693	1849.324	1822.380	1778.316	1673.438	1461.872	1446.064	1399.565	1363.695	1352.921	439.844	431.252	405.267	363.300	314.222	298.887	264.724	263.852	225.993	131.762	0.000	127.104	148.948	175.389	218.641	228.730	210.389	225.290	219.834	215.340	186.193	1573.391	1560.342	1505.529	1505.529	1460.065	1258.555	1129.120	1075.945	1275.685	1361.645	1464.244	1073.749	1241.362	1201.059	1248.351	1248.351	1258.485	1701.005	1729.957	1757.473	1773.161	773.785	804.295	816.394	808.676	779.992	779.554	755.534	753.934	742.920
1973.325	2093.452	2093.452	2068.832	2041.607	2104.346	2095.338	2041.576	2035.263	2021.866	2097.175	2169.058	2139.265	2125.372	2074.176	1456.152	1440.783	1381.711	1365.667	1365.667	1365.667	1364.582	1316.554	1242.468	1078.514	972.777	892.285	873.579	873.579	874.738	874.843	1208.046	1349.768	1409.562	1433.519	1852.178	1839.947	1816.658	1776.173	1776.173	1739.880	1711.564	1667.605	1563.566	1353.620	1335.115	1283.827	1247.596	1236.898	557.032	549.508	526.773	486.206	434.988	418.450	380.455	379.746	349.077	254.491	127.104	0.000	22.421	49.362	93.167	290.834	243.119	226.477	227.304	228.524	209.292	1446.704	1433.561	1378.556	1378.556	1333.057	1131.457	1002.040	948.914	1148.899	1234.972	1337.835	981.278	1150.740	1113.749	1158.820	1158.820	1168.764	1635.139	1666.022	1696.728	1713.369	843.511	870.111	878.733	865.796	825.192	822.711	789.195	787.065	772.150
1970.599	2079.630	2079.630	2054.587	2027.170	2088.973	2079.857	2025.713	2019.300	2005.565	2082.559	2154.849	2125.569	2111.827	2061.324	1462.965	1447.668	1388.889	1372.930	1372.930	1372.930	1372.110	1324.437	1251.171	1082.099	977.052	894.364	874.192	874.192	873.826	873.882	1217.179	1360.349	1419.844	1443.596	1831.614	1819.245	1795.687	1755.245	1755.245	1718.510	1690.048	1646.104	1542.164	1332.425	1313.621	1261.860	1225.600	1214.909	575.711	568.434	546.487	506.314	454.644	437.869	399.195	398.519	369.412	274.997	148.948	22.421	0.000	26.941	70.746	301.609	250.226	228.647	230.576	232.762	215.914	1424.581	1411.476	1356.584	1356.584	1311.117	1109.669	980.432	927.402	1126.815	1212.842	1315.628	962.274	1131.913	1095.420	1140.145	1140.145	1150.058	1619.805	1650.974	1682.164	1698.948	861.069	887.142	895.304	881.696	839.522	836.757	801.940	799.736	784.277
1967.655	2063.221	2063.221	2037.664	2010.016	2070.670	2061.423	2006.817	2000.283	1986.135	2065.183	2137.962	2109.309	2095.753	2046.100	1471.562	1456.355	1397.941	1382.087	1382.087	1382.087	1381.582	1334.345	1262.076	1087.004	982.842	897.597	875.688	875.688	873.491	873.487	1228.606	1373.438	1432.565	1456.068	1806.963	1794.424	1770.536	1730.147	1730.147	1692.867	1664.228	1620.302	1516.487	1307.010	1287.836	1235.486	1199.190	1188.509	598.496	591.499	570.439	530.720	478.584	461.563	422.187	421.548	394.145	299.999	175.389	49.362	26.941	0.000	43.805	316.177	261.066	234.087	237.265	240.535	226.565	1398.010	1384.953	1330.203	1330.203	1284.776	1083.523	954.517	901.612	1100.297	1186.266	1288.953	939.637	1109.467	1073.601	1117.888	1117.888	1127.760	1601.600	1633.117	1664.896	1681.852	882.458	907.917	915.546	901.167	857.200	854.109	817.804	815.517	799.439
1963.650	2037.020	2037.020	2010.614	1982.589	2041.320	2031.857	1976.492	1969.756	1954.924	2037.374	2110.949	2083.344	2070.100	2021.867	1486.477	1471.424	1413.633	1397.956	1397.956	1397.956	1397.955	1351.448	1280.820	1096.347	993.744	904.543	879.877	879.877	874.718	874.619	1248.204	1395.569	1454.079	1477.172	1767.023	1754.199	1729.755	1689.460	1689.460	1651.262	1622.322	1578.430	1474.833	1265.821	1246.013	1192.656	1156.300	1145.636	636.236	629.659	609.919	570.892	518.138	500.790	460.487	459.901	434.921	341.282	218.641	93.167	70.746	43.805	0.000	343.075	283.313	248.974	253.934	258.723	249.187	1354.838	1341.864	1287.357	1287.357	1242.001	1041.097	912.506	859.829	1057.225	1143.089	1245.604	903.335	1073.412	1038.637	1082.154	1082.154	1091.951	1572.534	1604.622	1637.376	1654.614	917.860	942.363	949.170	933.621	886.939	883.349	844.799	842.386	825.374
1740.186	1988.594	1988.594	1970.945	1947.092	2024.968	2017.928	1971.497	1967.054	1960.015	2005.033	2069.646	2032.019	2015.909	1954.720	1170.323	1154.770	1094.980	1078.740	1078.740	1078.740	1077.013	1028.247	952.771	807.327	698.730	632.622	625.221	625.221	639.157	639.691	917.826	1058.983	1118.728	1142.698	1892.127	1884.491	1870.590	1829.130	1829.130	1809.804	1787.901	1743.919	1637.292	1423.193	1416.839	1389.441	1355.692	1344.790	333.828	331.917	329.518	305.362	251.776	233.002	189.060	189.370	213.064	182.337	228.730	290.834	301.609	316.177	343.075	0.000	69.190	124.860	113.942	104.242	97.727	1634.950	1624.045	1575.061	1575.061	1531.425	1338.130	1216.322	1166.755	1342.936	1425.326	1522.086	999.399	1158.164	1111.101	1162.428	1162.428	1172.784	1561.009	1586.441	1608.520	1622.563	948.233	982.961	998.961	997.214	980.439	981.717	965.160	963.939	955.576
1752.670	1961.513	1961.513	1942.159	1917.469	1992.001	1984.510	1936.390	1931.534	1923.123	1974.950	2041.380	2005.589	1989.998	1931.216	1213.105	1197.760	1138.817	1122.822	1122.822	1122.822	1121.920	1074.212	1001.216	837.986	731.227	655.710	642.073	642.073	649.806	650.143	967.572	1112.844	1171.733	1195.124	1836.954	1828.644	1813.409	1772.023	1772.023	1750.437	1727.710	1683.669	1577.192	1363.189	1355.388	1325.432	1291.386	1280.484	401.609	399.142	394.267	367.160	312.397	293.322	248.423	248.527	261.002	207.221	210.389	243.119	250.226	261.066	283.313	69.190	0.000	56.648	45.400	35.390	34.500	1565.975	1555.018	1505.926	1505.926	1462.264	1268.953	1147.274	1097.815	1273.796	1356.257	1453.180	944.909	1106.121	1060.500	1111.023	1111.023	1121.356	1525.918	1552.628	1576.726	1591.406	964.601	997.688	1012.040	1007.550	984.628	984.935	963.734	962.257	952.029
1750.768	1928.375	1928.375	1907.790	1882.508	1954.592	1946.784	1897.497	1892.353	1882.986	1939.621	2007.328	1972.901	1957.702	1900.742	1238.225	1223.096	1165.037	1149.296	1149.296	1149.296	1149.148	1102.507	1031.956	853.542	748.894	665.969	647.272	647.272	649.826	649.998	999.598	1148.505	1206.477	1229.274	1785.109	1776.424	1760.467	1719.127	1719.127	1696.381	1673.260	1629.197	1522.807	1308.891	1300.412	1269.436	1235.295	1224.393	458.147	455.762	450.767	423.087	368.125	349.020	304.032	304.086	312.896	250.321	225.290	226.477	228.647	234.087	248.974	124.860	56.648	0.000	11.372	21.562	46.990	1510.175	1499.325	1450.571	1450.571	1407.045	1214.463	1093.580	1044.546	1218.473	1300.674	1397.265	893.871	1056.453	1011.788	1061.752	1061.752	1072.062	1487.329	1514.929	1540.459	1555.587	994.177	1026.008	1039.143	1032.681	1005.269	1004.841	980.144	978.472	966.823
1752.504	1936.109	1936.109	1915.748	1890.572	1963.099	1955.348	1906.266	1901.173	1891.975	1947.754	2015.232	1980.555	1965.283	1907.985	1234.400	1219.224	1160.971	1145.174	1145.174	1145.174	1144.868	1097.995	1026.916	851.607	746.487	665.028	647.339	647.339	650.933	651.138	994.279	1142.431	1200.609	1223.536	1796.015	1787.383	1771.524	1730.178	1730.178	1707.579	1684.503	1640.443	1534.042	1320.115	1311.709	1280.806	1246.667	1235.765	446.986	444.542	439.419	411.716	356.759	337.655	292.669	292.725	301.868	240.383	219.834	227.304	230.576	237.265	253.934	113.942	45.400	11.372	0.000	10.190	37.554	1521.012	1510.124	1461.256	1461.256	1417.685	1224.875	1103.756	1054.600	1229.145	1311.434	1408.144	904.639	1067.015	1022.196	1072.252	1072.252	1082.566	1496.026	1523.469	1548.742	1563.791	986.832	1018.893	1032.249	1026.142	999.547	999.256	975.206	973.570	962.186
1754.122	1943.069	1943.069	1922.907	1897.826	1970.746	1963.045	1914.147	1909.099	1900.050	1955.068	2022.342	1987.443	1972.107	1914.509	1231.052	1215.834	1157.410	1141.564	1141.564	1141.564	1141.115	1094.037	1022.486	849.999	744.472	664.348	647.569	647.569	652.091	652.326	989.600	1137.059	1195.418	1218.461	1805.792	1797.206	1781.435	1740.084	1740.084	1717.615	1694.579	1650.520	1544.111	1330.174	1321.832	1290.993	1256.856	1245.954	436.996	434.495	429.253	401.527	346.575	327.472	282.489	282.546	292.008	231.590	215.340	228.524	232.762	240.535	258.723	104.242	35.390	21.562	10.190	0.000	30.253	1530.729	1519.808	1470.839	1470.839	1427.229	1234.218	1112.893	1063.630	1238.718	1321.084	1417.898	914.299	1076.493	1031.539	1081.675	1081.675	1091.993	1503.850	1531.152	1556.198	1571.175	980.316	1012.584	1026.139	1020.355	994.504	994.336	970.874	969.271	958.127
1780.363	1973.257	1973.257	1953.030	1927.910	2000.604	1992.866	1943.815	1938.726	1929.525	1985.124	2052.483	2017.648	2002.326	1944.761	1247.196	1231.871	1173.009	1157.035	1157.035	1157.035	1156.196	1108.562	1035.682	870.484	764.109	686.863	671.778	671.778	677.824	678.104	1002.067	1147.270	1206.198	1229.606	1830.868	1821.997	1805.621	1764.314	1764.314	1740.676	1717.163	1673.081	1566.794	1352.995	1343.732	1310.903	1276.509	1265.611	423.682	420.348	412.435	382.635	327.349	308.245	263.259	263.209	268.035	203.348	186.193	209.292	215.914	226.565	249.187	97.727	34.500	46.990	37.554	30.253	0.000	1542.280	1531.061	1481.249	1481.249	1437.335	1242.879	1120.203	1070.287	1249.109	1332.090	1429.813	940.047	1103.008	1058.536	1108.394	1108.394	1118.698	1533.569	1560.983	1586.179	1601.195	950.063	982.339	995.922	990.221	964.722	964.632	941.614	940.039	929.113
2486.525	1880.509	1880.509	1828.278	1792.796	1759.433	1743.371	1670.431	1656.913	1616.408	1818.774	1906.064	1924.804	1926.285	1941.300	2469.050	2458.491	2418.369	2407.603	2407.603	2407.603	2415.754	2386.702	2349.993	2052.978	1996.080	1873.061	1816.482	1816.482	1769.705	1768.214	2333.945	2503.162	2546.887	2561.502	1004.783	974.562	913.790	897.006	897.006	790.926	743.595	723.724	699.092	686.910	627.386	516.518	514.498	518.905	1965.874	1962.142	1950.636	1915.879	1861.036	1842.485	1798.844	1798.530	1784.298	1693.222	1573.391	1446.704	1424.581	1398.010	1354.838	1634.950	1565.975	1510.175	1521.012	1530.729	1542.280	0.000	19.662	85.852	85.852	128.936	329.150	462.323	517.404	298.087	211.749	114.297	955.025	968.154	1009.634	983.079	983.079	981.165	1452.460	1493.740	1550.855	1572.295	2105.047	2111.281	2103.964	2071.871	1990.621	1980.072	1915.717	1911.987	1885.213
2490.096	1891.719	1891.719	1839.666	1804.168	1771.919	1755.892	1682.941	1669.466	1629.160	1830.613	1917.986	1936.175	1937.466	1951.687	2465.578	2454.924	2414.428	2403.558	2403.558	2403.558	2411.589	2382.184	2344.820	2048.899	1991.111	1868.171	1811.832	1811.832	1765.451	1763.972	2328.451	2497.572	2541.637	2556.429	1020.803	990.682	930.128	912.876	912.876	807.209	759.849	739.370	712.862	695.795	635.927	523.356	520.000	524.041	1954.557	1950.718	1938.866	1903.879	1849.101	1830.591	1787.047	1786.722	1771.971	1680.671	1560.342	1433.561	1411.476	1384.953	1341.864	1624.045	1555.018	1499.325	1510.124	1519.808	1531.061	19.662	0.000	66.687	66.687	110.777	312.852	446.280	501.430	284.662	199.251	107.405	955.266	971.843	1012.528	986.899	986.899	985.185	1461.317	1502.697	1559.761	1581.250	2088.109	2094.152	2086.709	2054.505	1973.075	1962.486	1898.031	1894.298	1867.496
2486.348	1915.910	1915.910	1864.572	1829.034	1801.106	1785.229	1712.289	1698.993	1659.502	1857.255	1944.889	1960.948	1961.516	1972.721	2438.549	2427.598	2385.938	2374.746	2374.746	2374.746	2382.393	2351.894	2312.507	2020.152	1959.607	1836.992	1781.445	1781.445	1736.341	1734.905	2295.153	2463.912	2509.011	2524.347	1065.073	1035.423	975.894	956.686	956.686	852.966	805.589	782.639	748.766	713.664	652.917	535.235	527.271	530.003	1904.278	1900.144	1887.346	1851.743	1797.165	1778.770	1735.508	1735.154	1718.999	1627.132	1505.529	1378.556	1356.584	1330.203	1287.357	1575.061	1505.926	1450.571	1461.256	1470.839	1481.249	85.852	66.687	0.000	0.000	46.446	251.388	384.947	440.130	232.145	152.341	93.509	942.069	970.299	1008.137	985.766	985.766	984.747	1477.122	1518.819	1575.630	1597.275	2024.082	2029.766	2022.097	1989.700	1907.965	1897.311	1832.700	1828.961	1802.117
2486.348	1915.910	1915.910	1864.572	1829.034	1801.106	1785.229	1712.289	1698.993	1659.502	1857.255	1944.889	1960.948	1961.516	1972.721	2438.549	2427.598	2385.938	2374.746	2374.746	2374.746	2382.393	2351.894	2312.507	2020.152	1959.607	1836.992	1781.445	1781.445	1736.341	1734.905	2295.153	2463.912	2509.011	2524.347	1065.073	1035.423	975.894	956.686	956.686	852.966	805.589	782.639	748.766	713.664	652.917	535.235	527.271	530.003	1904.278	1900.144	1887.346	1851.743	1797.165	1778.770	1735.508	1735.154	1718.999	1627.132	1505.529	1378.556	1356.584	1330.203	1287.357	1575.061	1505.926	1450.571	1461.256	1470.839	1481.249	85.852	66.687	0.000	0.000	46.446	251.388	384.947	440.130	232.145	152.341	93.509	942.069	970.299	1008.137	985.766	985.766	984.747	1477.122	1518.819	1575.630	1597.275	2024.082	2029.766	2022.097	1989.700	1907.965	1897.311	1832.700	1828.961	1802.117
2466.144	1915.167	1915.167	1864.398	1828.857	1804.214	1788.464	1715.591	1702.445	1663.614	1858.388	1946.157	1960.609	1960.638	1969.617	2404.784	2393.678	2351.418	2340.061	2340.061	2340.061	2347.507	2316.451	2276.048	1985.606	1923.656	1801.253	1746.136	1746.136	1701.719	1700.306	2258.208	2426.753	2472.354	2487.959	1081.191	1051.995	993.459	972.633	972.633	870.814	823.558	798.612	758.951	710.578	649.542	529.136	518.050	519.857	1860.137	1855.905	1842.800	1807.008	1752.497	1734.140	1690.973	1690.610	1674.025	1582.003	1460.065	1333.057	1311.117	1284.776	1242.001	1531.425	1462.264	1407.045	1417.685	1427.229	1437.335	128.936	110.777	46.446	46.446	0.000	204.970	338.512	393.693	188.852	114.405	92.086	917.428	952.981	988.882	968.677	968.677	968.115	1470.698	1512.572	1569.144	1590.876	1978.024	1983.840	1976.269	1943.969	1862.412	1851.801	1787.301	1783.567	1756.755
2378.424	1917.435	1917.435	1869.536	1834.247	1824.199	1809.126	1737.147	1724.764	1689.151	1869.314	1957.058	1964.341	1961.997	1961.086	2255.452	2243.664	2198.745	2186.656	2186.656	2186.656	2193.164	2159.624	2114.644	1833.778	1765.478	1644.465	1591.584	1591.584	1550.597	1549.299	2094.609	2261.869	2309.684	2326.485	1164.963	1138.137	1084.724	1057.777	1057.777	965.887	920.321	888.229	826.817	725.141	666.168	542.727	518.943	516.441	1664.217	1659.551	1645.093	1608.489	1554.307	1536.130	1493.414	1493.010	1474.533	1381.884	1258.555	1131.457	1109.669	1083.523	1041.097	1338.130	1268.953	1214.463	1224.875	1234.218	1242.879	329.150	312.852	251.388	251.388	204.970	0.000	133.602	188.796	74.962	137.082	239.627	823.826	893.708	919.500	910.061	910.061	911.668	1451.859	1494.038	1548.924	1570.826	1776.317	1782.974	1776.028	1744.330	1663.887	1653.540	1589.746	1586.040	1559.439
2334.066	1935.756	1935.756	1889.995	1855.095	1854.379	1839.831	1768.906	1757.091	1723.752	1893.469	1980.672	1983.327	1979.471	1972.167	2166.896	2154.623	2107.808	2095.194	2095.194	2095.194	2100.976	2065.626	2017.247	1744.552	1671.563	1552.101	1501.212	1501.212	1463.126	1461.925	1995.564	2161.499	2210.921	2228.602	1239.124	1213.938	1164.009	1134.096	1134.096	1048.914	1004.977	969.734	898.099	769.394	714.084	595.536	566.001	561.118	1539.619	1534.573	1518.927	1481.621	1427.781	1409.784	1367.520	1367.079	1346.875	1253.711	1129.120	1002.040	980.432	954.517	912.506	1216.322	1147.274	1093.580	1103.756	1112.893	1120.203	462.323	446.280	384.947	384.947	338.512	133.602	0.000	55.194	178.815	261.660	368.027	790.995	884.130	902.027	900.511	900.511	903.602	1460.208	1502.153	1555.400	1577.213	1644.338	1651.528	1644.987	1613.695	1534.032	1523.870	1460.596	1456.912	1430.474
2317.742	1945.954	1945.954	1901.125	1866.433	1869.494	1855.178	1784.783	1773.214	1740.840	1906.095	1992.961	1993.733	1989.266	1979.361	2131.682	2119.205	2071.590	2058.755	2058.755	2058.755	2064.214	2028.092	1978.244	1709.381	1634.378	1515.739	1465.808	1465.808	1429.074	1427.919	1955.847	2121.105	2171.208	2189.267	1272.597	1248.087	1199.580	1168.632	1168.632	1086.162	1042.944	1006.661	931.557	793.542	740.040	624.433	593.186	587.505	1488.600	1483.381	1467.189	1429.567	1375.901	1357.994	1315.955	1315.496	1294.488	1201.106	1075.945	948.914	927.402	901.612	859.829	1166.755	1097.815	1044.546	1054.600	1063.630	1070.287	517.404	501.430	440.130	440.130	393.693	188.796	55.194	0.000	230.831	315.290	422.016	783.704	886.043	900.513	902.329	902.329	906.017	1467.198	1508.949	1561.409	1583.138	1589.894	1597.329	1590.975	1559.874	1480.581	1470.507	1407.484	1403.811	1377.455
2327.019	1846.816	1846.816	1798.535	1763.194	1751.593	1736.450	1664.350	1651.893	1615.987	1797.650	1885.446	1893.569	1891.520	1891.952	2228.368	2216.928	2173.395	2161.695	2161.695	2161.695	2168.716	2136.540	2094.190	1807.778	1742.962	1621.071	1566.894	1566.894	1524.002	1522.641	2075.472	2243.583	2290.059	2306.150	1090.424	1063.724	1010.642	983.380	983.380	892.221	846.868	814.302	751.990	651.631	592.336	468.649	445.669	443.535	1672.186	1668.094	1655.519	1620.137	1565.477	1547.038	1503.679	1503.334	1487.790	1396.266	1275.685	1148.899	1126.815	1100.297	1057.225	1342.936	1273.796	1218.473	1229.145	1238.718	1249.109	298.087	284.662	232.145	232.145	188.852	74.962	178.815	230.831	0.000	87.270	193.873	771.573	832.248	860.642	848.512	848.512	849.623	1383.811	1425.995	1481.218	1503.118	1819.008	1827.048	1821.035	1790.198	1711.237	1701.213	1638.285	1634.615	1608.274
2361.439	1841.045	1841.045	1791.458	1755.973	1737.927	1722.470	1649.896	1637.088	1599.721	1788.017	1875.900	1887.187	1886.184	1890.990	2290.473	2279.345	2237.028	2225.662	2225.662	2225.662	2233.102	2202.059	2161.790	1871.216	1809.308	1686.879	1631.735	1631.735	1587.327	1585.916	2144.070	2312.683	2358.143	2373.689	1047.567	1019.745	964.245	939.467	939.467	843.576	797.215	767.464	714.146	637.380	576.622	452.989	436.007	436.014	1755.503	1751.607	1739.636	1704.628	1649.852	1631.344	1587.813	1587.487	1572.775	1481.571	1361.645	1234.972	1212.842	1186.266	1143.089	1425.326	1356.257	1300.674	1311.434	1321.084	1332.090	211.749	199.251	152.341	152.341	114.405	137.082	261.660	315.290	87.270	0.000	107.018	809.189	853.575	886.750	869.540	869.540	869.629	1387.041	1429.130	1485.162	1507.005	1904.866	1912.545	1906.260	1875.150	1795.667	1785.522	1722.249	1718.564	1692.113
2394.339	1825.562	1825.562	1774.530	1738.987	1713.123	1697.334	1624.437	1611.247	1572.236	1767.978	1855.701	1870.821	1871.099	1881.244	2358.735	2348.027	2307.347	2296.433	2296.433	2296.433	2304.415	2274.897	2237.423	1941.767	1883.736	1760.810	1704.520	1704.520	1658.259	1656.785	2221.048	2390.174	2434.235	2449.040	990.256	961.236	903.130	881.686	881.686	780.698	733.540	707.778	666.906	621.959	561.058	442.381	433.850	436.515	1853.481	1849.894	1838.899	1804.523	1749.577	1730.964	1687.172	1686.875	1673.552	1582.938	1464.244	1337.835	1315.628	1288.953	1245.604	1522.086	1453.180	1397.265	1408.144	1417.898	1429.813	114.297	107.405	93.509	93.509	92.086	239.627	368.027	422.016	193.873	107.018	0.000	853.116	877.558	916.044	892.954	892.954	891.816	1384.431	1426.182	1482.931	1504.602	2011.784	2019.344	2012.951	1981.719	1901.981	1891.772	1828.313	1824.620	1798.110
1555.474	1218.508	1218.508	1181.186	1148.888	1182.445	1170.716	1108.007	1099.274	1077.840	1197.227	1279.335	1266.732	1258.309	1232.944	1539.928	1530.836	1496.903	1487.975	1487.975	1487.975	1498.125	1475.827	1453.026	1138.564	1101.889	980.595	920.074	920.074	865.612	863.871	1444.497	1613.055	1648.675	1659.415	892.761	885.597	874.405	832.840	832.840	824.489	809.232	766.515	660.672	452.643	467.020	497.254	477.432	468.581	1311.262	1313.427	1321.389	1302.869	1250.583	1232.040	1188.441	1188.763	1205.876	1141.472	1073.749	981.278	962.274	939.637	903.335	999.399	944.909	893.871	904.639	914.299	940.047	955.025	955.266	942.069	942.069	917.428	823.826	790.995	783.704	771.573	809.189	853.116	0.000	170.262	144.285	180.015	180.015	189.447	731.380	770.303	816.175	836.842	1821.179	1845.251	1851.257	1834.018	1781.435	1776.475	1731.190	1728.374	1708.265
1518.371	1074.389	1074.389	1033.908	1000.556	1025.318	1012.918	948.152	938.791	915.220	1046.197	1130.278	1122.632	1115.868	1098.275	1599.835	1592.139	1563.680	1556.267	1556.267	1556.267	1567.774	1550.449	1536.418	1216.147	1192.967	1075.585	1014.540	1014.540	957.091	955.248	1532.068	1698.119	1728.959	1737.353	739.828	735.632	731.218	689.904	689.904	696.500	688.333	648.045	546.861	360.474	394.824	465.330	457.749	451.771	1462.717	1465.624	1475.878	1459.423	1408.088	1389.794	1346.800	1347.181	1366.994	1305.440	1241.362	1150.740	1131.913	1109.467	1073.412	1158.164	1106.121	1056.453	1067.015	1076.493	1103.008	968.154	971.843	970.299	970.299	952.981	893.708	884.130	886.043	832.248	853.575	877.558	170.262	0.000	57.760	16.413	16.413	21.352	588.242	629.039	679.145	700.599	1991.271	2015.450	2021.506	2004.276	1951.520	1946.503	1900.907	1898.071	1877.810
1478.295	1077.241	1077.241	1038.936	1006.330	1038.266	1026.487	963.725	955.012	933.801	1054.031	1136.654	1125.503	1117.629	1095.199	1543.455	1535.648	1506.796	1499.287	1499.287	1499.287	1510.718	1493.129	1478.781	1158.623	1135.206	1017.860	956.817	956.817	899.342	897.498	1474.348	1640.458	1671.440	1679.924	792.410	789.147	786.357	745.160	745.160	753.673	745.918	705.728	604.621	416.791	449.066	513.621	503.544	496.902	1412.262	1415.430	1426.551	1410.991	1360.140	1341.981	1299.324	1299.735	1321.022	1261.476	1201.059	1113.749	1095.420	1073.601	1038.637	1111.101	1060.500	1011.788	1022.196	1031.539	1058.536	1009.634	1012.528	1008.137	1008.137	988.882	919.500	902.027	900.513	860.642	886.750	916.044	144.285	57.760	0.000	54.400	54.400	64.385	589.836	629.433	676.894	697.903	1956.034	1980.985	1987.690	1971.331	1920.403	1915.713	1871.436	1868.669	1848.908
1503.486	1059.105	1059.105	1018.857	985.587	1011.332	999.026	934.573	925.320	902.164	1031.490	1115.402	1107.357	1100.478	1082.457	1591.136	1583.565	1555.602	1548.329	1548.329	1548.329	1559.954	1543.098	1529.920	1209.302	1187.488	1070.634	1009.606	1009.606	951.921	950.070	1525.993	1691.709	1722.064	1730.229	738.456	734.954	731.958	690.761	690.761	699.936	692.841	652.987	552.722	369.845	405.871	478.885	471.983	466.164	1465.274	1468.328	1479.050	1463.054	1411.954	1393.724	1350.888	1351.283	1371.770	1311.058	1248.351	1158.820	1140.145	1117.888	1082.154	1162.428	1111.023	1061.752	1072.252	1081.675	1108.394	983.079	986.899	985.766	985.766	968.677	910.061	900.511	902.329	848.512	869.540	892.954	180.015	16.413	54.400	0.000	0.000	10.362	572.719	613.422	663.324	684.749	1999.973	2024.382	2030.628	2013.645	1961.386	1956.456	1911.198	1908.380	1888.244
1503.486	1059.105	1059.105	1018.857	985.587	1011.332	999.026	934.573	925.320	902.164	1031.490	1115.402	1107.357	1100.478	1082.457	1591.136	1583.565	1555.602	1548.329	1548.329	1548.329	1559.954	1543.098	1529.920	1209.302	1187.488	1070.634	1009.606	1009.606	951.921	950.070	1525.993	1691.709	1722.064	1730.229	738.456	734.954	731.958	690.761	690.761	699.936	692.841	652.987	552.722	369.845	405.871	478.885	471.983	466.164	1465.274	1468.328	1479.050	1463.054	1411.954	1393.724	1350.888	1351.283	1371.770	1311.058	1248.351	1158.820	1140.145	1117.888	1082.154	1162.428	1111.023	1061.752	1072.252	1081.675	1108.394	983.079	986.899	985.766	985.766	968.677	910.061	900.511	902.329	848.512	869.540	892.954	180.015	16.413	54.400	0.000	0.000	10.362	572.719	613.422	663.324	684.749	1999.973	2024.382	2030.628	2013.645	1961.386	1956.456	1911.198	1908.380	1888.244
1505.604	1053.196	1053.196	1012.633	979.261	1003.999	991.613	926.909	917.575	894.127	1024.858	1108.963	1101.435	1094.726	1077.463	1598.454	1590.948	1563.237	1556.032	1556.032	1556.032	1567.713	1551.074	1538.263	1217.513	1196.232	1079.567	1018.548	1018.548	960.786	958.932	1534.503	1700.084	1730.237	1738.302	728.232	724.811	722.038	680.865	680.865	690.653	683.892	644.190	544.285	363.176	400.262	475.386	469.248	463.628	1475.609	1478.669	1489.406	1473.416	1422.316	1404.085	1361.247	1361.643	1382.110	1321.346	1258.485	1168.764	1150.058	1127.760	1091.951	1172.784	1121.356	1072.062	1082.566	1091.993	1118.698	981.165	985.185	984.747	984.747	968.115	911.668	903.602	906.017	849.623	869.629	891.816	189.447	21.352	64.385	10.362	10.362	0.000	567.191	608.055	658.349	679.834	2009.787	2034.140	2040.337	2023.287	1970.880	1965.922	1920.551	1917.727	1897.546
1164.303	487.405	487.405	450.100	418.425	469.212	460.427	410.541	406.083	401.643	469.193	548.968	535.668	528.050	512.166	1569.845	1567.842	1561.651	1560.388	1560.388	1560.388	1575.790	1578.111	1597.544	1291.555	1319.277	1232.472	1179.504	1179.504	1122.304	1120.468	1609.081	1752.557	1763.274	1762.336	733.211	753.055	795.408	770.056	770.056	852.857	878.426	860.880	813.046	765.567	825.445	942.063	953.083	951.999	1809.981	1816.581	1838.520	1834.265	1790.684	1774.668	1737.199	1737.907	1773.080	1733.113	1701.005	1635.139	1619.805	1601.600	1572.534	1561.009	1525.918	1487.329	1496.026	1503.850	1533.569	1452.460	1461.317	1477.122	1477.122	1470.698	1451.859	1460.208	1467.198	1383.811	1387.041	1384.431	731.380	588.242	589.836	572.719	572.719	567.191	0.000	42.185	98.510	120.182	2473.714	2502.622	2512.664	2500.811	2458.781	2455.550	2417.075	2414.601	2396.935
1136.843	448.225	448.225	412.576	381.717	439.711	431.902	386.317	383.075	382.908	434.027	512.072	496.435	488.206	470.439	1564.943	1563.368	1558.839	1558.032	1558.032	1558.032	1573.633	1577.368	1599.110	1296.185	1327.291	1243.341	1191.421	1191.421	1134.821	1133.006	1611.726	1752.887	1762.106	1760.500	760.018	780.880	825.053	800.931	800.931	886.103	912.802	896.341	850.848	806.907	866.902	983.838	995.044	994.007	1830.726	1837.563	1860.254	1856.868	1813.959	1798.151	1761.181	1761.910	1798.054	1759.717	1729.957	1666.022	1650.974	1633.117	1604.622	1586.441	1552.628	1514.929	1523.469	1531.152	1560.983	1493.740	1502.697	1518.819	1518.819	1512.572	1494.038	1502.153	1508.949	1425.995	1429.130	1426.182	770.303	629.039	629.433	613.422	613.422	608.055	42.185	0.000	57.266	78.556	2503.183	2532.444	2542.801	2531.398	2490.293	2487.214	2449.371	2446.930	2429.498
1089.973	405.113	405.113	373.861	345.217	417.338	411.411	374.043	372.897	379.591	400.466	474.150	452.956	443.114	419.133	1544.529	1543.507	1541.139	1540.926	1540.926	1540.926	1556.770	1562.356	1587.134	1288.735	1324.416	1244.571	1194.216	1194.216	1138.578	1136.795	1601.177	1739.117	1746.357	1743.875	808.469	830.199	875.876	852.789	852.789	939.727	967.222	951.495	907.338	863.987	923.915	1040.559	1051.456	1050.311	1845.485	1852.671	1876.473	1874.402	1832.543	1817.063	1780.884	1781.644	1819.255	1783.481	1757.473	1696.728	1682.164	1664.896	1637.376	1608.520	1576.726	1540.459	1548.742	1556.198	1586.179	1550.855	1559.761	1575.630	1575.630	1569.144	1548.924	1555.400	1561.409	1481.218	1485.162	1482.931	816.175	679.145	676.894	663.324	663.324	658.349	98.510	57.266	0.000	21.903	2531.181	2561.011	2571.884	2561.231	2521.685	2518.864	2482.107	2479.722	2462.698
1076.591	385.875	385.875	356.063	328.239	405.049	399.823	365.652	365.295	374.531	384.314	456.408	433.545	423.251	397.744	1543.180	1542.387	1540.899	1540.927	1540.927	1540.927	1556.862	1563.187	1589.153	1292.623	1330.002	1251.697	1201.930	1201.930	1146.667	1144.897	1603.748	1740.386	1746.838	1744.005	823.541	845.699	892.141	869.625	869.625	957.559	985.547	970.315	927.219	885.461	945.443	1062.238	1073.228	1072.106	1857.106	1864.407	1888.572	1886.933	1845.424	1830.053	1794.136	1794.905	1832.979	1798.018	1773.161	1713.369	1698.948	1681.852	1654.614	1622.563	1591.406	1555.587	1563.791	1571.175	1601.195	1572.295	1581.250	1597.275	1597.275	1590.876	1570.826	1577.213	1583.138	1503.118	1507.005	1504.602	836.842	700.599	697.903	684.749	684.749	679.834	120.182	78.556	21.903	0.000	2546.927	2576.927	2587.954	2577.525	2538.441	2535.695	2499.254	2496.885	2479.980
2647.578	2922.049	2922.049	2900.528	2874.627	2942.614	2934.124	2882.011	2876.070	2863.766	2931.238	3000.313	2966.788	2951.733	2894.809	1933.496	1917.502	1855.884	1839.106	1839.106	1839.106	1830.727	1777.793	1688.991	1671.217	1562.972	1535.071	1543.984	1543.984	1569.695	1570.552	1646.535	1724.878	1787.215	1815.167	2674.302	2659.588	2630.772	2591.443	2591.443	2543.819	2510.963	2467.865	2367.905	2165.399	2138.799	2069.107	2031.937	2021.850	865.590	852.360	809.524	781.751	793.992	800.873	818.614	817.466	762.099	765.902	773.785	843.511	861.069	882.458	917.860	948.233	964.601	994.177	986.832	980.316	950.063	2105.047	2088.109	2024.082	2024.082	1978.024	1776.317	1644.338	1589.894	1819.008	1904.866	2011.784	1821.179	1991.271	1956.034	1999.973	1999.973	2009.787	2473.714	2503.183	2531.181	2546.927	0.000	41.386	68.475	98.412	174.544	188.137	248.611	251.928	276.134
2686.496	2952.953	2952.953	2930.941	2904.805	2971.680	2963.048	2910.417	2904.340	2891.569	2961.235	3030.822	2997.858	2982.961	2926.729	1974.609	1958.611	1896.974	1880.191	1880.191	1880.191	1871.851	1818.914	1730.138	1710.793	1602.396	1573.417	1581.697	1581.697	1606.805	1607.642	1687.696	1766.258	1828.599	1856.551	2694.108	2679.017	2649.421	2610.285	2610.285	2561.229	2527.869	2484.919	2385.553	2184.211	2156.671	2085.155	2047.967	2037.959	905.953	892.692	849.743	821.511	832.894	839.456	856.399	855.240	799.309	800.651	804.295	870.111	887.142	907.917	942.363	982.961	997.688	1026.008	1018.893	1012.584	982.339	2111.281	2094.152	2029.766	2029.766	1983.840	1782.974	1651.528	1597.329	1827.048	1912.545	2019.344	1845.251	2015.450	1980.985	2024.382	2024.382	2034.140	2502.622	2532.444	2561.011	2576.927	41.386	0.000	28.618	65.410	151.870	165.686	230.688	234.258	260.114
2707.105	2964.785	2964.785	2942.316	2915.965	2981.818	2973.059	2919.968	2913.772	2900.590	2972.223	3042.278	3009.843	2995.094	2939.529	1999.214	1983.203	1921.513	1904.715	1904.715	1904.715	1896.493	1843.549	1754.857	1732.423	1623.811	1593.352	1600.835	1600.835	1625.215	1626.028	1712.465	1792.170	1854.577	1882.515	2696.540	2681.157	2650.960	2611.979	2611.979	2561.834	2528.097	2485.265	2386.366	2185.951	2157.696	2084.819	2047.625	2037.679	929.005	915.691	872.557	843.600	853.757	859.897	875.836	874.666	818.107	816.797	816.394	878.733	895.304	915.546	949.170	998.961	1012.040	1039.143	1032.249	1026.139	995.922	2103.964	2086.709	2022.097	2022.097	1976.269	1776.028	1644.987	1590.975	1821.035	1906.260	2012.951	1851.257	2021.506	1987.690	2030.628	2030.628	2040.337	2512.664	2542.801	2571.884	2587.954	68.475	28.618	0.000	40.502	130.761	144.418	211.222	214.906	241.490
2713.015	2955.498	2955.498	2932.346	2905.677	2970.022	2961.081	2907.338	2900.971	2887.209	2961.672	3032.415	3000.781	2986.262	2931.730	2014.211	1998.170	1936.362	1919.530	1919.530	1919.530	1911.607	1858.660	1770.214	1740.675	1631.657	1598.244	1604.198	1604.198	1627.212	1627.983	1727.959	1810.771	1873.357	1901.249	2674.618	2658.889	2627.988	2589.194	2589.194	2537.791	2503.631	2460.940	2362.592	2163.299	2134.212	2059.799	2022.607	2012.733	940.890	927.475	883.991	853.508	861.129	866.423	880.406	879.215	821.581	815.590	808.676	865.796	881.696	901.167	933.621	997.214	1007.550	1032.681	1026.142	1020.355	990.221	2071.871	2054.505	1989.700	1989.700	1943.969	1744.330	1613.695	1559.874	1790.198	1875.150	1981.719	1834.018	2004.276	1971.331	2013.645	2013.645	2023.287	2500.811	2531.398	2561.231	2577.525	98.412	65.410	40.502	0.000	90.863	104.378	171.743	175.471	202.352
2709.636	2918.582	2918.582	2893.996	2866.671	2927.807	2918.488	2863.412	2856.694	2841.732	2922.080	2994.233	2964.317	2950.294	2897.997	2032.521	2016.433	1954.438	1937.553	1937.553	1937.553	1930.342	1877.474	1789.749	1743.841	1634.126	1594.093	1596.591	1596.591	1616.495	1617.167	1747.895	1837.900	1900.816	1928.557	2611.956	2595.555	2563.294	2524.883	2524.883	2471.068	2436.110	2393.708	2296.475	2099.493	2068.799	1991.459	1954.297	1944.567	955.206	941.647	897.666	863.950	865.768	869.109	878.571	877.343	817.770	801.337	779.992	825.192	839.522	857.200	886.939	980.439	984.628	1005.269	999.547	994.504	964.722	1990.621	1973.075	1907.965	1907.965	1862.412	1663.887	1534.032	1480.581	1711.237	1795.667	1901.981	1781.435	1951.520	1920.403	1961.386	1961.386	1970.880	2458.781	2490.293	2521.685	2538.441	174.544	151.870	130.761	90.863	0.000	13.820	81.054	84.819	111.978
2712.489	2916.162	2916.162	2891.341	2863.909	2924.504	2915.122	2859.825	2853.049	2837.884	2919.216	2991.598	2961.967	2948.027	2896.101	2038.579	2022.487	1960.476	1943.586	1943.586	1943.586	1936.475	1883.627	1796.019	1747.800	1638.011	1597.012	1598.993	1598.993	1618.420	1619.077	1754.228	1845.193	1908.143	1935.859	2605.085	2588.561	2556.049	2517.712	2517.712	2463.446	2428.339	2385.996	2288.981	2092.452	2061.459	1983.569	1946.416	1936.715	961.065	947.495	903.480	869.342	870.337	873.394	882.190	880.957	821.157	803.165	779.554	822.711	836.757	854.109	883.349	981.717	984.935	1004.841	999.256	994.336	964.632	1980.072	1962.486	1897.311	1897.311	1851.801	1653.540	1523.870	1470.507	1701.213	1785.522	1891.772	1776.475	1946.503	1915.713	1956.456	1956.456	1965.922	2455.550	2487.214	2518.864	2535.695	188.137	165.686	144.418	104.378	13.820	0.000	68.054	71.853	99.194
2701.896	2881.013	2881.013	2855.187	2827.306	2885.598	2875.956	2819.750	2812.731	2796.733	2882.165	2955.508	2927.113	2913.534	2863.234	2044.988	2028.885	1966.829	1949.927	1949.927	1949.927	1943.365	1890.664	1803.760	1743.359	1633.291	1587.455	1586.861	1586.861	1603.931	1604.513	1762.352	1858.584	1921.678	1949.235	2552.252	2535.287	2501.885	2463.818	2463.818	2407.980	2372.363	2330.227	2233.992	2039.118	2007.064	1927.272	1890.161	1880.562	967.884	954.300	910.235	873.970	870.641	872.217	877.563	876.313	815.583	789.901	755.534	789.195	801.940	817.804	844.799	965.160	963.734	980.144	975.206	970.874	941.614	1915.717	1898.031	1832.700	1832.700	1787.301	1589.746	1460.596	1407.484	1638.285	1722.249	1828.313	1731.190	1900.907	1871.436	1911.198	1911.198	1920.551	2417.075	2449.371	2482.107	2499.254	248.611	230.688	211.222	171.743	81.054	68.054	0.000	3.823	31.282
2700.919	2878.707	2878.707	2852.829	2824.925	2883.095	2873.440	2817.188	2810.156	2794.115	2879.760	2953.152	2924.823	2911.263	2861.049	2044.975	2028.872	1966.815	1949.913	1949.913	1949.913	1943.383	1890.692	1803.831	1742.751	1632.672	1586.570	1585.833	1585.833	1602.773	1603.351	1762.446	1858.973	1922.073	1949.620	2549.045	2532.059	2498.613	2460.559	2460.559	2404.646	2369.004	2326.879	2230.683	2035.891	2003.785	1923.902	1886.794	1877.199	967.969	954.387	910.326	873.947	870.376	871.868	877.021	875.769	814.999	788.893	753.934	787.065	799.736	815.517	842.386	963.939	962.257	978.472	973.570	969.271	940.039	1911.987	1894.298	1828.961	1828.961	1783.567	1586.040	1456.912	1403.811	1634.615	1718.564	1824.620	1728.374	1898.071	1868.669	1908.380	1908.380	1917.727	2414.601	2446.930	2479.722	2496.885	251.928	234.258	214.906	175.471	84.819	71.853	3.823	0.000	27.459
2694.053	2862.244	2862.244	2835.987	2807.915	2865.208	2855.455	2798.867	2791.745	2775.392	2862.574	2936.323	2908.467	2895.046	2845.459	2045.094	2028.992	1966.939	1950.038	1950.038	1950.038	1943.732	1891.122	1804.581	1738.619	1628.483	1580.469	1578.705	1578.705	1594.696	1595.244	1763.370	1861.995	1925.129	1952.601	2526.061	2508.919	2475.160	2437.204	2437.204	2380.743	2344.926	2302.876	2206.959	2012.773	1980.292	1899.747	1862.657	1853.100	969.023	955.456	911.446	874.274	868.964	869.855	873.606	872.350	811.324	782.162	742.920	772.150	784.277	799.439	825.374	955.576	952.029	966.823	962.186	958.127	929.113	1885.213	1867.496	1802.117	1802.117	1756.755	1559.439	1430.474	1377.455	1608.274	1692.113	1798.110	1708.265	1877.810	1848.908	1888.244	1888.244	1897.546	2396.935	2429.498	2462.698	2479.980	276.134	260.114	241.490	202.352	111.978	99.194	31.282	27.459	0.000
EOF
