#Vessels
3
100	25000	0.23		<8	0.305>	<9	0.403>	<10	0.531>	<11	0.729>	<12	1.000>
200	30000	0.28		<8	0.310>	<9	0.407>	<10	0.533>	<11	0.727>	<12	1.000>
300	35000	0.33		<8	0.320>	<9	0.419>	<10	0.547>	<11	0.738>	<12	1.000>
#Ports
33
1	H1	CP	0	0
2	Casablanca	S	202	16
3	Oran	S	37	0
4	Valencia	S	14	49
5	Agadir	S	59	74
6	Leixoes	S	11	25
7	Algiers	S	36	0
8	Vigo	S	3	8
9	Barcelona	S	18	53
10	Bejaia	S	16	0
11	Skikda	S	11	0
12	Annaba	S	2	0
13	Las_Palmas	S	21	0
14	Santa_Cruz_De_Tenerife	S	13	0
15	Tunis	S	53	3
16	Genoa	S	51	197
17	Salerno	S	4	22
18	Sfax	S	36	7
19	Piraeus	S	83	12
20	Izmir	S	55	61
21	Trieste	S	10	1
22	Thessaloniki	S	20	18
23	Ambarli	S	286	117
24	Alexandria	S	302	35
25	Limassol	S	4	1
26	Varna	S	22	28
27	Mersin	S	62	60
28	Latakia	S	26	1
29	Ashdod	S	72	43
30	Beirut	S	81	4
31	Haifa	S	81	59
32	Odessa	S	33	22
33	Poti	S	61	4
#
0	166	261	414	414	436	446	516	544	558	646	685	685	714	830	878	1070	1095	1471	1667	1691	1716	1826	1831	1930	1973	1999	2025	2030	2038	2041	2170	2385
166	0	418	569	257	504	603	545	700	711	795	841	519	548	986	1034	1184	1209	1627	1824	1848	1873	1979	1988	2080	2127	2152	2182	2192	2200	2195	2327	2541
261	418	0	238	675	697	205	756	365	304	398	444	933	949	589	686	876	1195	1230	1426	1450	1475	1586	1590	1689	1730	1745	1764	1801	1803	1800	1929	2144
414	569	238	0	826	850	230	907	165	342	430	426	1084	1100	560	512	823	1134	1174	1378	1396	1427	1532	1559	1657	1681	1772	1765	1805	1770	1767	1886	2088
414	257	675	826	0	687	860	727	957	968	1052	1098	337	805	1243	1291	1441	1466	1884	2081	2105	2130	2236	2245	2337	2384	2409	2439	2444	2452	2452	2584	2798
436	504	697	850	687	0	882	427	980	994	1082	1121	892	894	1266	1314	1484	1509	1907	2103	2127	2152	2262	2267	2366	2409	2435	2461	2466	2474	2477	2606	2821
446	603	205	230	860	882	0	941	282	112	200	246	1118	1134	392	531	680	1091	1032	1221	1254	1270	1389	1393	1492	1532	1553	1614	1596	1604	1602	1724	1946
516	545	756	907	727	427	941	0	1038	1049	1133	1179	959	909	1324	1372	1522	1547	1965	2162	2186	2211	2317	2326	2418	2465	2490	2520	2530	2538	2533	2665	2879
544	700	365	165	957	980	282	1038	0	307	354	386	1215	1231	492	356	702	1018	1095	1295	1313	1344	1449	1482	1562	1601	1693	1684	1681	1673	1679	1737	2009
558	711	304	342	968	994	112	1049	307	0	99	148	1226	1242	310	493	607	1149	956	1162	1182	1211	1316	1317	1416	1431	1441	1535	1549	1529	1526	1664	1870
646	795	398	430	1052	1082	200	1133	354	99	0	63	1310	1326	211	469	522	1064	871	1077	1097	1126	1231	1232	1331	1332	1469	1453	1463	1444	1441	1579	1785
685	841	444	426	1098	1121	246	1179	386	148	63	0	1356	1372	167	458	459	1001	808	1014	1034	1063	1168	1169	1268	1315	1406	1390	1415	1381	1378	1516	1722
685	519	933	1084	337	892	1118	959	1215	1226	1310	1356	0	540	1501	1549	1699	1724	2142	2339	2363	2388	2494	2503	2595	2642	2667	2697	2707	2715	2710	2842	3056
714	548	949	1100	805	894	1134	909	1231	1242	1326	1372	540	0	1517	1565	1715	1740	2158	2355	2379	2404	2510	2519	2611	2658	2683	2713	2723	2731	2726	2858	3072
830	986	589	560	1243	1266	392	1324	492	310	211	167	1501	1517	0	472	360	928	701	896	930	945	1050	1051	1150	1160	1299	1258	1298	1263	1260	1399	1615
878	1034	686	512	1291	1314	531	1372	356	493	469	458	1549	1565	472	0	395	711	906	1106	1118	1155	1260	1316	1393	1412	1483	1515	1534	1508	1505	1618	1820
1070	1184	876	823	1441	1484	680	1522	702	607	522	459	1699	1715	360	395	0	724	572	772	795	821	926	992	1073	1078	1170	1195	1224	1185	1181	1284	1486
1095	1209	1195	1134	1466	1509	1091	1547	1018	1149	1064	1001	1724	1740	928	711	724	0	1242	1442	1464	1453	1596	1265	1339	1748	1312	1277	1257	1275	1326	1954	2156
1471	1627	1230	1174	1884	1907	1032	1965	1095	956	871	808	2142	2158	701	906	572	1242	0	210	709	259	402	515	554	507	598	625	721	647	650	712	914
1667	1824	1426	1378	2081	2103	1221	2162	1295	1162	1077	1014	2339	2355	896	1106	772	1442	210	0	908	259	277	547	566	429	635	684	668	649	650	640	838
1691	1848	1450	1396	2105	2127	1254	2186	1313	1182	1097	1034	2363	2379	930	1118	795	1464	709	908	0	957	1063	1200	1263	1215	1307	1334	1377	1356	1359	1411	1623
1716	1873	1475	1427	2130	2152	1270	2211	1344	1211	1126	1063	2388	2404	945	1155	821	1453	259	259	957	0	338	678	756	490	726	817	867	781	782	686	975
1826	1979	1586	1532	2236	2262	1389	2317	1449	1316	1231	1168	2494	2510	1050	1260	926	1596	402	277	1063	338	0	784	718	152	814	841	930	838	839	406	637
1831	1988	1590	1559	2245	2267	1393	2326	1482	1317	1232	1169	2503	2519	1051	1316	992	1265	515	547	1200	678	784	0	272	936	447	402	260	341	295	1090	1385
1930	2080	1689	1657	2337	2366	1492	2418	1562	1416	1331	1268	2595	2611	1150	1393	1073	1339	554	566	1263	756	718	272	0	870	175	146	334	218	142	1078	1258
1973	2127	1730	1681	2384	2409	1532	2465	1601	1431	1332	1315	2642	2658	1160	1412	1078	1748	507	429	1215	490	152	936	870	0	928	950	1082	990	987	255	589
1999	2152	1745	1772	2409	2435	1553	2490	1693	1441	1469	1406	2667	2683	1299	1483	1170	1312	598	635	1307	726	814	447	175	928	0	94	315	179	255	1183	1433
2025	2182	1764	1765	2439	2461	1614	2520	1684	1535	1453	1390	2697	2713	1258	1515	1195	1277	625	684	1334	817	841	402	146	950	94	0	362	226	168	1174	1404
2030	2192	1801	1805	2444	2466	1596	2530	1681	1549	1463	1415	2707	2723	1298	1534	1224	1257	721	668	1377	867	930	260	334	1082	315	362	0	136	212	1278	1506
2038	2200	1803	1770	2452	2474	1604	2538	1673	1529	1444	1381	2715	2731	1263	1508	1185	1275	647	649	1356	781	838	341	218	990	179	226	136	0	76	1194	1448
2041	2195	1800	1767	2452	2477	1602	2533	1679	1526	1441	1378	2710	2726	1260	1505	1181	1326	650	650	1359	782	839	295	142	987	255	168	212	76	0	1197	1400
2170	2327	1929	1886	2584	2606	1724	2665	1737	1664	1579	1516	2842	2858	1399	1618	1284	1954	712	640	1411	686	406	1090	1078	255	1183	1174	1278	1194	1197	0	547
2385	2541	2144	2088	2798	2821	1946	2879	2009	1870	1785	1722	3056	3072	1615	1820	1486	2156	914	838	1623	975	637	1385	1258	589	1433	1404	1506	1448	1400	547	0
#Ports_to_main
1	2	3	5	4	7	10
2	5	3	13	4	14	7
3	7	4	10	9	11	12
4	9	3	7	10	11	12
5	2	13	14	3	4	7
6	8	2	5	13	14
7	3	4	9	10	11	12
8	6	2	5	13	14	
9	4	3	7	10	11	12
10	7	3	4	11	12	9
11	12	10	15	7	3	4
12	11	15	10	7	3	4
13	14	2	5	6	8
14	13	5	2	6	8
15	18	12	11	17	10	7
16	9	4	17	15	7
17	15	18	16	12	11	7
18	15	17	12	11	7
19	22	15	20	23	26
20	19	22	23	25	24	27
21	19	17	18	15	12	20
22	19	20	23	26	32	24
23	26	20	32	22	33	19
24	29	31	25	30	28	27
25	30	28	31	27	29	24
26	23	32	33	20	22	19
27	28	25	30	31	29	24
28	27	30	25	24	31	29
29	31	30	25	28	24
30	31	25	29	28	27	24
31	29	30	25	28	27	24
32	26	33	23	20	22
33	32	23	26	20	22
